42 17 32 18 55 65 81 69 84 1 34 90 60 29 46 65 11 55 21 77 1 1 66 90 29 89 25 77 85 99 
17 20 79 68 52 97 23 17 79 44 2 32 78 44 45 59 90 62 70 46 84 48 99 85 66 89 66 56 66 43 
32 79 93 17 15 73 86 20 70 9 89 1 54 91 86 84 88 83 44 78 45 14 76 29 14 76 66 81 17 84 
18 68 17 89 84 80 82 1 95 55 39 67 78 49 57 31 55 48 69 39 88 52 35 67 98 2 95 79 16 71 
55 52 15 84 98 49 41 82 90 77 14 73 30 62 80 70 29 10 19 86 94 26 87 63 17 75 16 5 94 66 
65 97 73 80 49 7 90 97 75 13 95 77 54 30 67 31 44 92 14 58 25 84 88 35 55 74 81 81 61 45 
81 23 86 82 41 90 50 89 13 55 83 79 14 25 76 90 91 24 67 45 6 86 29 2 79 43 61 4 79 49 
69 17 20 1 82 97 89 91 34 23 73 67 37 70 69 78 83 25 13 14 39 91 42 81 82 66 0 79 72 87 
84 79 70 95 90 75 13 34 8 27 18 3 88 22 34 37 65 68 12 90 35 1 12 5 79 95 82 45 61 73 
1 44 9 55 77 13 55 23 27 36 4 7 18 22 7 97 47 46 58 74 64 13 62 38 48 51 4 16 63 46 
34 2 89 39 14 95 83 73 18 4 4 65 59 61 96 6 95 93 68 68 29 24 27 99 46 35 49 93 33 7 
90 32 1 67 73 77 79 67 3 7 65 19 98 72 81 88 20 32 92 89 48 91 45 65 50 6 13 56 53 7 
60 78 54 78 30 54 14 37 88 18 59 98 76 73 36 0 1 88 99 88 37 44 21 96 64 71 68 97 60 89 
29 44 91 49 62 30 25 70 22 22 61 72 73 82 4 30 30 95 75 95 45 33 8 54 86 15 30 11 4 31 
46 45 86 57 80 67 76 69 34 7 96 81 36 4 12 44 82 0 81 26 74 77 90 45 45 40 57 86 22 62 
65 59 84 31 70 31 90 78 37 97 6 88 0 30 44 68 52 57 43 47 55 28 7 9 66 75 39 78 31 22 
11 90 88 55 29 44 91 83 65 47 95 20 1 30 82 52 42 75 4 43 56 83 69 85 73 66 82 65 24 21 
55 62 83 48 10 92 24 25 68 46 93 32 88 95 0 57 75 87 38 89 39 47 33 38 2 13 98 63 80 73 
21 70 44 69 19 14 67 13 12 58 68 92 99 75 81 43 4 38 3 10 4 77 52 79 34 47 87 17 16 72 
77 46 78 39 86 58 45 14 90 74 68 89 88 95 26 47 43 89 10 42 83 54 8 59 75 95 97 65 87 44 
1 84 45 88 94 25 6 39 35 64 29 48 37 45 74 55 56 39 4 83 50 25 99 15 75 62 47 48 17 57 
1 48 14 52 26 84 86 91 1 13 24 91 44 33 77 28 83 47 77 54 25 52 95 10 83 29 57 70 98 26 
66 99 76 35 87 88 29 42 12 62 27 45 21 8 90 7 69 33 52 8 99 95 42 40 61 49 48 20 76 96 
90 85 29 67 63 35 2 81 5 38 99 65 96 54 45 9 85 38 79 59 15 10 40 69 93 83 13 95 60 64 
29 66 14 98 17 55 79 82 79 48 46 50 64 86 45 66 73 2 34 75 75 83 61 93 11 36 27 58 36 96 
89 89 76 2 75 74 43 66 95 51 35 6 71 15 40 75 66 13 47 95 62 29 49 83 36 16 89 91 78 72 
25 66 66 95 16 81 61 0 82 4 49 13 68 30 57 39 82 98 87 97 47 57 48 13 27 89 72 87 95 70 
77 56 81 79 5 81 4 79 45 16 93 56 97 11 86 78 65 63 17 65 48 70 20 95 58 91 87 13 37 63 
85 66 17 16 94 61 79 72 61 63 33 53 60 4 22 31 24 80 16 87 17 98 76 60 36 78 95 37 74 38 
99 43 84 71 66 45 49 87 73 46 7 7 89 31 62 22 21 73 72 44 57 26 96 64 96 72 70 63 38 11 
