2528.29 81.2723 46.8535 14.5554 8.30736 39.0679 -1.5683 -27.1255 1.88124 15.6619 18.2437 71.9859 28.3316 47.3137 26.4856 74.5309 73.3382 6.85857 -20.4512 35.832 -2.81543 43.2544 34.8922 41.9581 19.7625 16.8682 -20.8382 -34.1701 1.06864 25.4557 -2.52858 -10.5411 -32.0606 -17.9319 -23.1439 32.8529 -5.97017 6.42421 37.5643 41.2352 29.5998 -53.5053 40.5216 34.5607 -4.32819 15.2445 -62.7917 -30.5255 -16.2327 33.9505 
81.2723 -249.218 17.5859 18.8722 -5.34745 -5.34988 -4.17646 16.2216 5.64474 -7.23097 -7.05497 8.99636 -3.11885 -9.14338 9.90269 5.68092 18.2312 -18.1398 -4.58083 -3.61155 -11.8349 -11.9266 14.1085 24.8438 -9.59237 -10.7288 -4.38775 21.5201 3.55209 16.1189 -16.1884 -13.8806 15.63 -5.80198 -18.269 8.40081 -1.06173 -1.9558 8.93448 -6.3714 -4.14038 7.21918 27.7966 15.1164 -8.16115 -8.05218 4.31183 11.7411 -2.07482 -3.49459 
46.8535 17.5859 -260.328 -20.54 -6.10481 15.7748 25.0367 20.2018 4.32628 -27.088 14.1611 -32.729 -3.94979 6.15312 12.5132 26.9556 -2.9424 4.22365 2.56626 -5.25107 -10.7506 9.61886 -4.25102 -35.1438 25.3823 -14.5409 23.4878 -7.69059 -11.4259 -23.2274 12.405 0.98913 1.41605 -8.82008 12.5815 4.42728 6.6981 -7.78422 -44.8934 -36.2179 -4.37564 -10.5073 3.19614 -35.7515 -19.7715 -9.32913 -22.3208 -8.55204 -4.99911 -2.29048 
14.5554 18.8722 -20.54 275.119 -42.6794 -6.85382 5.05892 -10.6818 -23.739 41.9416 -0.42578 0.611123 22.5129 -9.88186 17.1624 -9.21668 11.4037 21.6092 -19.8389 -29.5847 6.62604 8.42373 -12.9976 16.6881 -2.68676 23.3591 -12.5357 16.2655 1.25702 -6.6821 -11.9015 -13.3255 21.1893 -1.93409 4.54775 -3.31435 -33.0287 -24.0964 -0.612536 -3.61953 -8.5266 -9.76622 -19.5175 12.865 19.8706 10.649 -9.94257 15.9356 3.10176 10.6496 
8.30736 -5.34745 -6.10481 -42.6794 -228.574 -8.19011 -21.9357 10.6163 4.19787 -9.34167 -12.0452 -11.6022 -12.2871 0.845684 40.5051 22.6919 12.8973 36.8548 2.34359 6.26445 9.17706 17.4126 -9.0116 -0.914015 19.1879 27.2888 -21.1626 -5.33998 -6.11859 0.232631 32.5612 -10.6256 -28.0316 -7.28049 -13.4538 9.70014 -30.6798 3.4669 -30.6174 -9.70938 -26.3012 7.25944 -26.6739 6.92865 7.71535 -17.2247 -13.2077 -4.19402 1.86497 3.57912 
39.0679 -5.34988 15.7748 -6.85382 -8.19011 -216.079 -14.2542 -13.6767 22.9741 14.8926 -5.90095 3.97219 10.3799 -27.9902 -6.52899 -36.7333 -12.669 -0.144328 -0.43903 -6.87685 35.0549 -5.26663 0.985861 1.78571 -16.0476 -2.30392 -2.65749 -2.91124 11.017 7.29917 -14.8573 14.3765 10.5001 7.40433 2.22387 15.2523 -11.8711 5.13035 -4.0997 -16.2133 -8.48371 -3.1638 3.76661 6.02479 -6.36913 4.21627 20.2537 10.8006 -7.85331 -0.0426714 
-1.5683 -4.17646 25.0367 5.05892 -21.9357 -14.2542 -234.741 -6.61849 -31.8388 18.7191 -8.91719 29.9995 11.5972 37.3896 9.61113 -6.28547 7.14227 -6.2868 -28.0176 38.3006 48.5334 14.2335 14.5176 5.46078 12.359 14.7865 -5.81068 -8.98347 -29.1159 -32.4219 -24.9569 14.4622 -5.1471 -31.8315 -8.3733 -6.17272 -49.7383 -15.2196 -6.42767 0.26148 20.1058 -5.959 -38.5001 12.3515 -2.7637 2.87956 -32.8638 17.342 3.13876 -7.72687 
-27.1255 16.2216 20.2018 -10.6818 10.6163 -13.6767 -6.61849 -273.137 3.24553 4.55744 -13.8094 2.20983 15.0518 0.279178 4.17508 -20.9102 -4.71642 24.9418 2.40253 10.5178 -6.40398 5.22997 8.03488 -31.4085 19.4222 9.90791 4.96886 10.6979 -21.2685 0.397252 -6.51115 -6.11045 -11.5975 -0.480934 29.1949 -15.6993 7.68509 20.0847 16.8805 -11.0504 7.45306 -5.17934 2.44119 1.61953 18.2187 0.42231 9.29966 15.059 5.00846 -16.1412 
1.88124 5.64474 4.32628 -23.739 4.19787 22.9741 -31.8388 3.24553 280.278 -4.08605 5.27509 -13.286 -8.3411 34.3753 35.8643 12.0881 29.7374 -12.064 -14.2518 35.6514 -18.2021 19.4922 25.5909 -19.5857 -17.9117 -22.2692 -3.99827 -19.5513 -20.991 -33.9787 -6.10813 -8.23096 -16.7496 6.58153 8.91189 0.0512058 1.52509 -7.55264 -22.4026 2.45906 -0.141024 1.14241 -7.97489 -14.5546 -19.1628 10.3791 -11.7993 20.3095 13.7544 -3.78641 
15.6619 -7.23097 -27.088 41.9416 -9.34167 14.8926 18.7191 4.55744 -4.08605 262.865 16.7906 -29.6261 1.72862 -11.2494 -1.26687 3.79644 -16.618 21.6561 -12.05 0.054747 -6.91733 -14.0122 -21.5181 16.7151 5.15825 6.04361 8.61164 -20.5512 8.68384 5.22532 0.606545 -29.8565 -0.460308 -17.438 12.075 16.3177 -7.0541 -11.2851 -3.59221 14.2481 -2.5864 8.43088 5.27393 -9.624 7.02931 -16.673 -16.2514 -4.97326 -15.9489 12.611 
18.2437 -7.05497 14.1611 -0.42578 -12.0452 -5.90095 -8.91719 -13.8094 5.27509 16.7906 -233.172 14.0704 -42.3404 -1.3322 -19.0128 18.9072 26.3228 -2.25861 -3.14154 -37.8939 -25.6619 0.886813 19.2799 9.22312 -42.3913 -4.39853 18.42 17.6627 31.2629 -8.48859 17.2044 10.5211 -0.778885 14.9821 -34.965 20.7468 -11.4034 25.0411 13.2326 -13.3118 -22.7044 4.00836 8.68525 21.4401 -12.3606 19.2827 30.7045 -2.77282 31.847 2.2433 
71.9859 8.99636 -32.729 0.611123 -11.6022 3.97219 29.9995 2.20983 -13.286 -29.6261 14.0704 235.391 -10.1954 3.56864 1.19886 18.3125 41.048 7.37323 3.39327 -3.76156 -13.4517 28.8111 -12.589 -13.8629 3.28984 14.7317 22.7674 -0.356279 -27.4257 -20.6889 -8.01301 38.664 -22.33 -10.4416 -25.9467 -5.58425 -20.5737 2.95125 -7.91892 -5.00759 11.603 8.17933 -24.7407 19.8243 -28.4538 13.5601 21.5757 3.1087 20.2054 -3.66269 
28.3316 -3.11885 -3.94979 22.5129 -12.2871 10.3799 11.5972 15.0518 -8.3411 1.72862 -42.3404 -10.1954 217.011 -2.83478 35.7511 -8.57976 -6.88206 5.43634 8.6332 10.1668 26.7366 10.2823 9.01441 -19.1757 -4.12149 3.54588 -12.9919 4.67229 10.5442 -6.98083 -33.9886 -9.34915 8.31775 1.06066 -14.1848 -2.60231 8.8273 2.08974 -6.52535 30.5713 -13.9506 -29.0242 -0.280053 12.9078 -3.95927 3.32317 10.1992 3.48248 -3.68879 -0.159223 
47.3137 -9.14338 6.15312 -9.88186 0.845684 -27.9902 37.3896 0.279178 34.3753 -11.2494 -1.3322 3.56864 -2.83478 199.01 -11.4136 -13.7811 21.4555 16.6721 14.4046 -14.5905 -24.3379 32.1056 -4.73659 11.8544 -16.8732 -18.8336 -11.1654 19.418 -3.33669 10.6259 -17.5658 -3.84273 23.7674 15.4137 8.02531 19.8455 3.64527 7.15045 -5.11751 37.1291 -27.6727 -16.9529 3.96101 6.9327 -19.5669 -1.77238 13.1685 9.25091 -5.5218 5.13988 
26.4856 9.90269 12.5132 17.1624 40.5051 -6.52899 9.61113 4.17508 35.8643 -1.26687 -19.0128 1.19886 35.7511 -11.4136 -200.663 -22.3549 -1.94523 15.7466 -6.41025 -26.6571 -15.6624 17.5807 -13.5886 11.452 -1.0866 18.4494 -4.15531 2.9323 7.59197 13.5327 -27.2746 7.97485 2.90655 -12.4383 9.8185 37.7849 -4.37872 8.95938 18.8903 19.3315 -8.66041 5.26453 0.580558 24.054 6.23909 -6.31409 22.6438 -9.57318 0.917681 7.38621 
74.5309 5.68092 26.9556 -9.21668 22.6919 -36.7333 -6.28547 -20.9102 12.0881 3.79644 18.9072 18.3125 -8.57976 -13.7811 -22.3549 196.471 31.4306 10.0425 9.50064 -9.86908 -2.27386 6.33024 14.0749 -23.2385 -18.9643 2.11456 -17.5777 -36.0236 15.6624 -23.5428 22.1023 -33.1764 -2.93392 -21.9694 -21.3822 4.25815 17.3469 -6.85127 19.0772 1.66131 -21.4907 -15.6303 2.69441 -11.4825 22.5105 8.07662 -15.9021 2.52427 16.4053 7.30904 
73.3382 18.2312 -2.9424 11.4037 12.8973 -12.669 7.14227 -4.71642 29.7374 -16.618 26.3228 41.048 -6.88206 21.4555 -1.94523 31.4306 -172.406 -13.2792 -12.3417 6.32317 3.278 -25.6282 -12.1291 31.5673 7.69866 8.82744 15.8516 28.3561 6.74395 27.0635 44.032 22.5817 -20.6674 6.27633 -0.596939 -34.0841 -2.48314 4.15625 -29.7635 -11.0723 6.57641 -0.0655229 13.8399 13.8418 -19.4707 -12.5465 -1.86826 -8.38883 3.13185 -4.80094 
6.85857 -18.1398 4.22365 21.6092 36.8548 -0.144328 -6.2868 24.9418 -12.064 21.6561 -2.25861 7.37323 5.43634 16.6721 15.7466 10.0425 -13.2792 169.225 1.13774 -1.40503 -19.7125 14.9295 -24.7656 -9.27384 17.3519 32.5048 -7.25762 -1.14516 -3.91741 14.2427 27.4893 -7.27877 -15.5141 12.1499 -4.46445 14.3992 38.3573 42.018 14.7257 29.2633 -19.4411 -14.3121 11.6369 20.5669 14.2343 -12.7667 -6.86666 -16.2369 7.54399 0.0155363 
-20.4512 -4.58083 2.56626 -19.8389 2.34359 -0.43903 -28.0176 2.40253 -14.2518 -12.05 -3.14154 3.39327 8.6332 14.4046 -6.41025 9.50064 -12.3417 1.13774 -188.836 -0.514336 -7.49832 -22.6926 9.37841 4.48192 -14.5453 9.11724 -1.6239 -4.92949 4.6128 -15.9637 9.75183 -8.84798 4.20249 -32.5443 -4.28381 -22.0032 -0.0548239 -31.9678 1.95059 6.92402 8.98561 32.492 -13.1679 -5.83239 21.9275 -4.89386 0.871039 7.26717 1.71463 -6.98378 
35.832 -3.61155 -5.25107 -29.5847 6.26445 -6.87685 38.3006 10.5178 35.6514 0.054747 -37.8939 -3.76156 10.1668 -14.5905 -26.6571 -9.86908 6.32317 -1.40503 -0.514336 224.271 17.0899 -13.544 19.4129 11.3814 22.6653 -11.9338 -12.6691 -18.8754 -10.579 19.4803 15.4055 4.6606 -1.75067 -9.13984 15.3355 -41.4715 18.9718 26.1143 5.95474 -5.65681 15.903 -15.9906 41.119 -5.10676 -13.815 -7.07741 -16.0468 11.162 -1.71813 5.20809 
-2.81543 -11.8349 -10.7506 6.62604 9.17706 35.0549 48.5334 -6.40398 -18.2021 -6.91733 -25.6619 -13.4517 26.7366 -24.3379 -15.6624 -2.27386 3.278 -19.7125 -7.49832 17.0899 149.956 -3.69874 -13.9773 -13.9704 24.6735 35.2732 7.49545 10.1054 -2.2284 -0.565907 -12.1159 11.0244 -15.7079 -27.2928 -10.8561 -17.3286 35.3498 20.6034 8.16743 -10.2179 11.2362 -17.1424 -5.5088 -5.47709 -4.5012 14.2877 9.90538 -3.44399 0.326924 -2.44586 
43.2544 -11.9266 9.61886 8.42373 17.4126 -5.26663 14.2335 5.22997 19.4922 -14.0122 0.886813 28.8111 10.2823 32.1056 17.5807 6.33024 -25.6282 14.9295 -22.6926 -13.544 -3.69874 -142.63 11.083 1.89961 -19.5067 -9.56079 26.9782 -20.9663 18.5809 1.50084 11.0818 12.4795 3.35282 -14.6244 -20.2852 -18.2548 11.675 -8.07812 13.5403 -9.44181 -6.79635 25.2392 5.04138 12.1083 16.2569 -31.2693 -10.1872 -4.29061 21.9167 -1.78913 
34.8922 14.1085 -4.25102 -12.9976 -9.0116 0.985861 14.5176 8.03488 25.5909 -21.5181 19.2799 -12.589 9.01441 -4.73659 -13.5886 14.0749 -12.1291 -24.7656 9.37841 19.4129 -13.9773 11.083 -201.364 31.5919 21.1082 19.87 -5.02777 5.95555 11.9575 21.2029 -1.68667 -19.2028 -9.71514 -0.128822 -17.4272 20.7825 8.06084 33.8412 22.2779 17.7915 -22.8759 9.35145 26.1486 18.7228 -7.9663 6.89659 -1.34135 -12.0655 -11.6482 16.3299 
41.9581 24.8438 -35.1438 16.6881 -0.914015 1.78571 5.46078 -31.4085 -19.5857 16.7151 9.22312 -13.8629 -19.1757 11.8544 11.452 -23.2385 31.5673 -9.27384 4.48192 11.3814 -13.9704 1.89961 31.5919 -163.577 6.20902 1.72274 -5.13928 -8.14424 -9.37347 -21.3894 -21.7121 3.28643 1.42965 -11.7609 7.40519 -4.81993 35.0416 1.12973 10.2261 11.1281 8.01705 -21.6528 4.73408 -18.8991 2.56814 11.4931 -5.64903 8.20525 14.5874 3.39215 
19.7625 -9.59237 25.3823 -2.68676 19.1879 -16.0476 12.359 19.4222 -17.9117 5.15825 -42.3913 3.28984 -4.12149 -16.8732 -1.0866 -18.9643 7.69866 17.3519 -14.5453 22.6653 24.6735 -19.5067 21.1082 6.20902 -169.382 -26.0315 -8.54186 -21.4246 38.427 -16.3578 -2.42035 12.1071 7.84855 14.4181 -63.0528 16.828 -8.11906 -11.6356 0.379674 26.5364 -14.3363 -27.2833 -14.4377 -10.2604 1.30158 1.95051 -13.6546 -14.0354 10.1373 17.762 
16.8682 -10.7288 -14.5409 23.3591 27.2888 -2.30392 14.7865 9.90791 -22.2692 6.04361 -4.39853 14.7317 3.54588 -18.8336 18.4494 2.11456 8.82744 32.5048 9.11724 -11.9338 35.2732 -9.56079 19.87 1.72274 -26.0315 162.243 -3.87274 -1.04965 -12.374 -7.22202 -19.3406 -5.02916 -12.8067 -6.02421 -0.351213 34.5395 41.2494 3.99551 22.9777 -5.52202 -5.0188 -8.71632 7.59288 -8.74499 -8.92596 14.6747 12.029 5.55983 -12.9501 4.28941 
-20.8382 -4.38775 23.4878 -12.5357 -21.1626 -2.65749 -5.81068 4.96886 -3.99827 8.61164 18.42 22.7674 -12.9919 -11.1654 -4.15531 -17.5777 15.8516 -7.25762 -1.6239 -12.6691 7.49545 26.9782 -5.02777 -5.13928 -8.54186 -3.87274 127.739 14.6708 -21.9691 -5.09336 -27.3682 4.9572 -12.5846 -23.5713 9.61125 17.3425 13.6099 3.94989 -7.72395 8.23506 -5.06786 21.1714 7.88777 -5.8479 -1.31402 7.6556 29.7228 3.58995 -10.8353 -1.4627 
-34.1701 21.5201 -7.69059 16.2655 -5.33998 -2.91124 -8.98347 10.6979 -19.5513 -20.5512 17.6627 -0.356279 4.67229 19.418 2.9323 -36.0236 28.3561 -1.14516 -4.92949 -18.8754 10.1054 -20.9663 5.95555 -8.14424 -21.4246 -1.04965 14.6708 -131.014 21.4471 -4.01923 -5.37926 -21.2172 -3.85065 3.95185 -19.0259 31.1405 -1.55542 -1.01739 13.8697 -1.15878 -5.2834 -1.85678 -5.67171 -28.4732 -3.62088 16.4635 -4.51964 -5.39199 -14.0428 10.5146 
1.06864 3.55209 -11.4259 1.25702 -6.11859 11.017 -29.1159 -21.2685 -20.991 8.68384 31.2629 -27.4257 10.5442 -3.33669 7.59197 15.6624 6.74395 -3.91741 4.6128 -10.579 -2.2284 18.5809 11.9575 -9.37347 38.427 -12.374 -21.9691 21.4471 166.667 0.555426 1.71791 -1.71214 9.94658 36.4278 -16.0118 -7.06701 3.76756 -3.7499 -8.39445 15.626 0.313763 -21.1399 -18.0808 1.392 6.6848 4.97098 -19.6656 -0.668608 17.4304 -2.90219 
25.4557 16.1189 -23.2274 -6.6821 0.232631 7.29917 -32.4219 0.397252 -33.9787 5.22532 -8.48859 -20.6889 -6.98083 10.6259 13.5327 -23.5428 27.0635 14.2427 -15.9637 19.4803 -0.565907 1.50084 21.2029 -21.3894 -16.3578 -7.22202 -5.09336 -4.01923 0.555426 118.511 16.6641 18.6517 12.1375 19.7197 34.2146 -11.0139 -38.5226 17.2338 -7.31221 -24.2501 5.36006 20.01 21.8926 -12.3135 6.78858 -12.0756 -3.678 2.36993 -3.99344 -7.78918 
-2.52858 -16.1884 12.405 -11.9015 32.5612 -14.8573 -24.9569 -6.51115 -6.10813 0.606545 17.2044 -8.01301 -33.9886 -17.5658 -27.2746 22.1023 44.032 27.4893 9.75183 15.4055 -12.1159 11.0818 -1.68667 -21.7121 -2.42035 -19.3406 -27.3682 -5.37926 1.71791 16.6641 -141.291 21.2435 -17.8268 -5.83655 -7.55243 32.4356 10.5231 4.34201 -9.63364 -1.23985 5.31744 7.59937 -6.19315 8.86503 2.85479 -3.05023 19.64 -4.46728 -4.81076 2.79558 
-10.5411 -13.8806 0.98913 -13.3255 -10.6256 14.3765 14.4622 -6.11045 -8.23096 -29.8565 10.5211 38.664 -9.34915 -3.84273 7.97485 -33.1764 22.5817 -7.27877 -8.84798 4.6606 11.0244 12.4795 -19.2028 3.28643 12.1071 -5.02916 4.9572 -21.2172 -1.71214 18.6517 21.2435 -166.55 3.77579 -22.5044 9.68637 8.68758 19.2126 30.2198 8.21135 12.3441 -11.1952 6.64455 -1.58685 -9.37864 3.10545 1.12882 -0.262208 3.58987 -9.16653 -1.06934 
-32.0606 15.63 1.41605 21.1893 -28.0316 10.5001 -5.1471 -11.5975 -16.7496 -0.460308 -0.778885 -22.33 8.31775 23.7674 2.90655 -2.93392 -20.6674 -15.5141 4.20249 -1.75067 -15.7079 3.35282 -9.71514 1.42965 7.84855 -12.8067 -12.5846 -3.85065 9.94658 12.1375 -17.8268 3.77579 -67.7255 -16.1688 3.04596 -4.51631 23.8998 27.7241 -6.52647 5.32784 6.49493 -10.1745 25.5184 -2.27343 -31.7084 0.0858812 1.67088 8.33671 -18.7641 0 
-17.9319 -5.80198 -8.82008 -1.93409 -7.28049 7.40433 -31.8315 -0.480934 6.58153 -17.438 14.9821 -10.4416 1.06066 15.4137 -12.4383 -21.9694 6.27633 12.1499 -32.5443 -9.13984 -27.2928 -14.6244 -0.128822 -11.7609 14.4181 -6.02421 -23.5713 3.95185 36.4278 19.7197 -5.83655 -22.5044 -16.1688 -15.0635 -30.0605 35.8616 22.1007 -28.5952 0.969381 16.7447 -23.1435 -6.42242 0 -23.4344 -22.119 11.3951 -27.4578 15.1066 14.2777 -35.6593 
-23.1439 -18.269 12.5815 4.54775 -13.4538 2.22387 -8.3733 29.1949 8.91189 12.075 -34.965 -25.9467 -14.1848 8.02531 9.8185 -21.3822 -0.596939 -4.46445 -4.28381 15.3355 -10.8561 -20.2852 -17.4272 7.40519 -63.0528 -0.351213 9.61125 -19.0259 -16.0118 34.2146 -7.55243 9.68637 3.04596 -30.0605 32.0452 -24.8281 -19.5735 21.3625 -10.3812 -13.4509 9.84367 -6.84057 -5.46786 -16.149 -10.5164 35.7162 -36.1337 -17.5932 -22.6908 23.0772 
32.8529 8.40081 4.42728 -3.31435 9.70014 15.2523 -6.17272 -15.6993 0.0512058 16.3177 20.7468 -5.58425 -2.60231 19.8455 37.7849 4.25815 -34.0841 14.3992 -22.0032 -41.4715 -17.3286 -18.2548 20.7825 -4.81993 16.828 34.5395 17.3425 31.1405 -7.06701 -11.0139 32.4356 8.68758 -4.51631 35.8616 -24.8281 16.5554 7.68205 -5.57697 18.2477 18.6107 5.50904 27.8758 -8.66647 -23.1069 -6.93038 2.11825 -20.9795 4.33158 -17.7521 41.1026 
-5.97017 -1.06173 6.6981 -33.0287 -30.6798 -11.8711 -49.7383 7.68509 1.52509 -7.0541 -11.4034 -20.5737 8.8273 3.64527 -4.37872 17.3469 -2.48314 38.3573 -0.0548239 18.9718 35.3498 11.675 8.06084 35.0416 -8.11906 41.2494 13.6099 -1.55542 3.76756 -38.5226 10.5231 19.2126 23.8998 22.1007 -19.5735 7.68205 26.2199 12.2889 -0.235295 2.10966 23.7708 7.40995 56.5215 0.468002 1.84742 18.3545 6.95159 10.3346 11.1388 -48.5681 
6.42421 -1.9558 -7.78422 -24.0964 3.4669 5.13035 -15.2196 20.0847 -7.55264 -11.2851 25.0411 2.95125 2.08974 7.15045 8.95938 -6.85127 4.15625 42.018 -31.9678 26.1143 20.6034 -8.07812 33.8412 1.12973 -11.6356 3.99551 3.94989 -1.01739 -3.7499 17.2338 4.34201 30.2198 27.7241 -28.5952 21.3625 -5.57697 12.2889 21.8747 61.0264 -25.1922 -7.21258 -11.6818 25.1842 3.43852 -3.30536 -2.41992 9.73465 -18.0858 -10.938 -17.8521 
37.5643 8.93448 -44.8934 -0.612536 -30.6174 -4.0997 -6.42767 16.8805 -22.4026 -3.59221 13.2326 -7.91892 -6.52535 -5.11751 18.8903 19.0772 -29.7635 14.7257 1.95059 5.95474 8.16743 13.5403 22.2779 10.2261 0.379674 22.9777 -7.72395 13.8697 -8.39445 -7.31221 -9.63364 8.21135 -6.52647 0.969381 -10.3812 18.2477 -0.235295 61.0264 32.5668 1.90725 2.00486 -4.5861 19.9665 -3.90934 -3.32573 -30.0048 6.95976 -25.3016 -7.65717 4.17599 
41.2352 -6.3714 -36.2179 -3.61953 -9.70938 -16.2133 0.26148 -11.0504 2.45906 14.2481 -13.3118 -5.00759 30.5713 37.1291 19.3315 1.66131 -11.0723 29.2633 6.92402 -5.65681 -10.2179 -9.44181 17.7915 11.1281 26.5364 -5.52202 8.23506 -1.15878 15.626 -24.2501 -1.23985 12.3441 5.32784 16.7447 -13.4509 18.6107 2.10966 -25.1922 1.90725 19.3059 1.61257 16.4493 6.18843 23.1209 0.901968 18.4749 -3.18474 -40.0774 -39.7573 -28.9228 
29.5998 -4.14038 -4.37564 -8.5266 -26.3012 -8.48371 20.1058 7.45306 -0.141024 -2.5864 -22.7044 11.603 -13.9506 -27.6727 -8.66041 -21.4907 6.57641 -19.4411 8.98561 15.903 11.2362 -6.79635 -22.8759 8.01705 -14.3363 -5.0188 -5.06786 -5.2834 0.313763 5.36006 5.31744 -11.1952 6.49493 -23.1435 9.84367 5.50904 23.7708 -7.21258 2.00486 1.61257 52.3 -22.457 -5.168 2.06571 -4.22826 1.21522 -0.535034 9.46644 21.029 -0.662498 
-53.5053 7.21918 -10.5073 -9.76622 7.25944 -3.1638 -5.959 -5.17934 1.14241 8.43088 4.00836 8.17933 -29.0242 -16.9529 5.26453 -15.6303 -0.0655229 -14.3121 32.492 -15.9906 -17.1424 25.2392 9.35145 -21.6528 -27.2833 -8.71632 21.1714 -1.85678 -21.1399 20.01 7.59937 6.64455 -10.1745 -6.42242 -6.84057 27.8758 7.40995 -11.6818 -4.5861 16.4493 -22.457 -36.6673 -23.8254 -0.185395 17.378 -0.677997 -22.2327 -31.8709 -34.9633 22.5006 
40.5216 27.7966 3.19614 -19.5175 -26.6739 3.76661 -38.5001 2.44119 -7.97489 5.27393 8.68525 -24.7407 -0.280053 3.96101 0.580558 2.69441 13.8399 11.6369 -13.1679 41.119 -5.5088 5.04138 26.1486 4.73408 -14.4377 7.59288 7.88777 -5.67171 -18.0808 21.8926 -6.19315 -1.58685 25.5184 0 -5.46786 -8.66647 56.5215 25.1842 19.9665 6.18843 -5.168 -23.8254 63.7245 -18.7493 20.951 5.71382 17.1647 -20.7277 51.112 2.54973 
34.5607 15.1164 -35.7515 12.865 6.92865 6.02479 12.3515 1.61953 -14.5546 -9.624 21.4401 19.8243 12.9078 6.9327 24.054 -11.4825 13.8418 20.5669 -5.83239 -5.10676 -5.47709 12.1083 18.7228 -18.8991 -10.2604 -8.74499 -5.8479 -28.4732 1.392 -12.3135 8.86503 -9.37864 -2.27343 -23.4344 -16.149 -23.1069 0.468002 3.43852 -3.90934 23.1209 2.06571 -0.185395 -18.7493 28.1593 -5.74522 1.74593 15.5206 -22.5126 -24.2872 -24.3621 
-4.32819 -8.16115 -19.7715 19.8706 7.71535 -6.36913 -2.7637 18.2187 -19.1628 7.02931 -12.3606 -28.4538 -3.95927 -19.5669 6.23909 22.5105 -19.4707 14.2343 21.9275 -13.815 -4.5012 16.2569 -7.9663 2.56814 1.30158 -8.92596 -1.31402 -3.62088 6.6848 6.78858 2.85479 3.10545 -31.7084 -22.119 -10.5164 -6.93038 1.84742 -3.30536 -3.32573 0.901968 -4.22826 17.378 20.951 -5.74522 26.2785 10.0249 -20.6644 25.4721 -54.4169 -15.4164 
15.2445 -8.05218 -9.32913 10.649 -17.2247 4.21627 2.87956 0.42231 10.3791 -16.673 19.2827 13.5601 3.32317 -1.77238 -6.31409 8.07662 -12.5465 -12.7667 -4.89386 -7.07741 14.2877 -31.2693 6.89659 11.4931 1.95051 14.6747 7.6556 16.4635 4.97098 -12.0756 -3.05023 1.12882 0.0858812 11.3951 35.7162 2.11825 18.3545 -2.41992 -30.0048 18.4749 1.21522 -0.677997 5.71382 1.74593 10.0249 -18.7789 -15.6299 -13.5255 20.5544 -19.3997 
-62.7917 4.31183 -22.3208 -9.94257 -13.2077 20.2537 -32.8638 9.29966 -11.7993 -16.2514 30.7045 21.5757 10.1992 13.1685 22.6438 -15.9021 -1.86826 -6.86666 0.871039 -16.0468 9.90538 -10.1872 -1.34135 -5.64903 -13.6546 12.029 29.7228 -4.51964 -19.6656 -3.678 19.64 -0.262208 1.67088 -27.4578 -36.1337 -20.9795 6.95159 9.73465 6.95976 -3.18474 -0.535034 -22.2327 17.1647 15.5206 -20.6644 -15.6299 -21.8166 -22.2746 -26.7066 17.1685 
-30.5255 11.7411 -8.55204 15.9356 -4.19402 10.8006 17.342 15.059 20.3095 -4.97326 -2.77282 3.1087 3.48248 9.25091 -9.57318 2.52427 -8.38883 -16.2369 7.26717 11.162 -3.44399 -4.29061 -12.0655 8.20525 -14.0354 5.55983 3.58995 -5.39199 -0.668608 2.36993 -4.46728 3.58987 8.33671 15.1066 -17.5932 4.33158 10.3346 -18.0858 -25.3016 -40.0774 9.46644 -31.8709 -20.7277 -22.5126 25.4721 -13.5255 -22.2746 19.7654 11.0877 15.9865 
-16.2327 -2.07482 -4.99911 3.10176 1.86497 -7.85331 3.13876 5.00846 13.7544 -15.9489 31.847 20.2054 -3.68879 -5.5218 0.917681 16.4053 3.13185 7.54399 1.71463 -1.71813 0.326924 21.9167 -11.6482 14.5874 10.1373 -12.9501 -10.8353 -14.0428 17.4304 -3.99344 -4.81076 -9.16653 -18.7641 14.2777 -22.6908 -17.7521 11.1388 -10.938 -7.65717 -39.7573 21.029 -34.9633 51.112 -24.2872 -54.4169 20.5544 -26.7066 11.0877 20.6733 -66.2556 
33.9505 -3.49459 -2.29048 10.6496 3.57912 -0.0426714 -7.72687 -16.1412 -3.78641 12.611 2.2433 -3.66269 -0.159223 5.13988 7.38621 7.30904 -4.80094 0.0155363 -6.98378 5.20809 -2.44586 -1.78913 16.3299 3.39215 17.762 4.28941 -1.4627 10.5146 -2.90219 -7.78918 2.79558 -1.06934 0 -35.6593 23.0772 41.1026 -48.5681 -17.8521 4.17599 -28.9228 -0.662498 22.5006 2.54973 -24.3621 -15.4164 -19.3997 17.1685 15.9865 -66.2556 27.5006 
