2552.21 -0.916093 -2.03784 0.187109 1.50888 -3.34603 2.83021 1.41945 1.72141 -0.339195 -0.915062 0.543598 0.371126 0.105735 0.027078 1.58492 -0.297378 2.04048 -1.68821 1.44947 0.187607 -0.660112 3.40899 1.01903 0.996524 0.704019 -0.912344 0.894953 0.414359 -1.55155 -0.0136624 0.305826 0.881715 0.994638 -0.520748 0.440177 -0.286323 -0.576423 0.221005 -0.542 -0.211758 -0.0756015 0.150677 0.130528 -0.4608 0.0927506 0.00859502 -0.0701304 0.0527444 0.0393778 
-0.916093 -296.603 -24.7955 -10.0449 -11.9351 5.0717 -23.0059 24.3997 -24.3899 -11.4272 12.1547 12.0905 -18.4878 23.1942 -5.37519 1.89904 1.78118 -4.54873 -6.53506 -21.2079 -12.3148 10.0051 10.1126 10.101 5.71226 0.83101 -0.637187 2.2153 5.88438 -5.29983 6.62485 2.1752 -5.73302 5.01154 1.41846 -1.31808 -3.56015 -2.04649 -1.48793 -6.23409 -3.67775 0.0489703 3.43225 2.49897 0.0933076 0.922211 0.096984 -0.0772752 0.0264402 0 
-2.03784 -24.7955 -305.749 8.84356 7.59627 -6.083 -1.68906 9.27275 12.1723 -6.15999 4.83134 -2.22171 0.127489 1.90789 -9.13262 3.19898 9.18552 -12.4272 3.44204 2.76324 -10.2426 4.26351 5.02787 1.66759 0.700751 0.107897 0.137982 0 -13.843 0.806653 8.88071 5.22264 -16.0924 0.502878 10.4803 -1.90193 13.5147 2.483 27.7803 12.3906 21.9766 -6.79341 29.6979 -16.6079 5.61636 0.0400556 7.70301 -5.31318 -32.1599 -17.6069 
0.187109 -10.0449 8.84356 276.428 -37.5774 -7.93595 3.74356 2.44738 -24.0798 43.3508 -13.4877 2.24008 21.4769 -10.6564 3.70253 -11.2538 12.3963 20.7588 -21.1045 -31.2438 5.85845 8.51782 -12.9639 20.9018 -7.33334 23.5584 -13.1658 16.82 3.07819 -5.42626 -13.7017 -11.5744 22.2324 5.50267 21.4338 2.02099 1.00591 -2.83859 -28.9683 10.4643 4.86144 -3.4628 -2.69559 10.0632 1.84172 24.5664 -8.32232 10.6476 33.5401 -2.4424 
1.50888 -11.9351 7.59627 -37.5774 -224.113 -9.8989 -23.1357 -10.5387 0.450703 3.35338 -9.82378 -2.03204 -7.53541 2.39277 26.2441 9.61889 5.83965 37.7013 2.73092 8.05378 14.8014 17.7928 -12.2723 3.59055 8.90793 32.7774 -25.0906 -10.5108 -1.34523 2.91537 28.9322 -2.42448 -30.3464 13.4974 20.5739 -9.10247 -17.8136 8.45242 -24.5017 -2.37584 -7.31301 -4.42654 -8.20025 20.755 -12.8926 -1.15027 20.0202 -1.36104 27.3768 -7.20177 
-3.34603 5.0717 -6.083 -7.93595 -9.8989 -212.997 -8.12249 -9.76136 21.7589 11.4335 -6.63641 -3.91902 9.40524 -25.3627 -6.93017 -32.6875 -15.4134 3.51415 0.0156664 -7.75555 34.442 -2.08365 -1.49312 -6.54658 -11.4906 -2.98401 1.95665 -6.93568 7.97845 0.119452 -9.47511 15.624 8.27138 1.47468 12.2226 13.5808 -20.0568 -2.62015 -5.5907 -2.85553 -6.6116 4.12228 1.58862 -9.60652 -5.88829 12.6969 4.33523 16.375 -14.7488 2.44637 
2.83021 -23.0059 -1.68906 3.74356 -23.1357 -8.12249 -224.273 -1.79234 -31.9261 10.3778 -2.17754 15.2462 9.65509 41.0228 9.81968 4.47872 3.20913 1.12182 -24.3313 34.2629 40.8301 20.5626 7.44301 -10.478 18.5119 12.9738 2.22621 -16.335 -30.2984 -41.3857 -14.6303 18.0686 -8.95968 -35.0144 27.6131 -16.1055 -14.0484 -2.47244 -42.6849 -1.21562 23.5572 -5.65854 -27.3309 -13.5356 -5.5229 -2.98342 -2.72086 5.58238 37.2842 -14.5256 
1.41945 24.3997 9.27275 2.44738 -10.5387 -9.76136 -1.79234 -299.201 -5.82969 28.6445 -16.4232 36.0022 19.3488 1.72064 -3.82963 -40.8 -2.39232 0.708208 -6.99048 20.28 18.2127 -5.47782 14.9311 3.8939 -1.0257 12.5304 -10.2544 12.4777 -11.7825 10.599 -28.6217 -0.719711 -1.8263 6.71632 -0.228049 23.9681 15.7577 -25.8561 19.4369 22.022 14.721 8.92321 -10.0556 25.1538 13.2425 19.4758 -5.09022 -29.9977 14.1064 -18.5518 
1.72141 -24.3899 12.1723 -24.0798 0.450703 21.7589 -31.9261 -5.82969 280.451 -4.45029 3.91398 -13.5481 -8.55945 34.2986 27.5932 11.4676 30.4384 -11.436 -14.9721 33.8743 -19.5505 21.0332 24.3372 -17.3929 -23.4016 -22.0216 -3.43867 -20.2364 -19.5815 -34.1017 -7.14176 -5.28356 -16.3486 -8.12451 -6.71339 1.70304 2.84111 2.38406 -24.0665 18.2273 9.98248 0.511236 -1.35002 -17.5002 -18.8433 -2.50613 5.33295 10.5203 -8.76621 4.30948 
-0.339195 -11.4272 -6.15999 43.3508 3.35338 11.4335 10.3778 28.6445 -4.45029 263.495 13.2244 -28.7141 0.753431 -11.3934 -8.56148 2.71482 -15.8921 20.1697 -13.4348 -0.840034 -6.32725 -14.4896 -20.2634 20.8997 0.836151 5.59824 8.20267 -20.9714 9.88734 5.19894 -0.0490885 -28.094 0.368655 -8.84877 5.98511 -4.12611 -3.16778 -0.256637 -10.0044 2.87856 -22.166 -16.9455 11.9196 -7.82423 21.126 -18.0047 1.50884 -2.20375 15.7241 2.45255 
-0.915062 12.1547 4.83134 -13.4877 -9.82378 -6.63641 -2.17754 -16.4232 3.91398 13.2244 -239.611 -2.04456 -32.4781 -3.40163 1.83938 21.2035 22.6928 14.5526 0.501395 -28.8811 -29.7602 5.10534 15.6775 -13.1164 -12.7466 -0.965774 19.4128 20.8786 12.2373 -8.68107 19.762 -2.16631 -6.56099 15.293 -3.7552 21.6996 -24.8742 17.8381 23.075 -0.487467 -6.3868 12.9064 -17.4441 4.26554 -26.9575 13.6233 9.722 17.3045 -3.08802 8.98132 
0.543598 12.0905 -2.22171 2.24008 -2.03204 -3.91902 15.2462 36.0022 -13.5481 -28.7141 -2.04456 234.958 -12.6731 2.11776 -0.272491 16.2544 39.1254 5.77063 4.26174 -5.77491 -13.0971 26.9165 -13.4937 -13.2791 0.132501 13.8208 23.1154 1.26741 -25.5127 -21.3563 -8.1985 39.2727 -20.7484 1.83536 4.3341 13.1013 -4.40445 1.37139 -17.1977 -14.9456 13.9821 23.528 -41.8406 -2.58614 -23.5025 12.1074 15.844 -16.9493 7.43255 16.4276 
0.371126 -18.4878 0.127489 21.4769 -7.53541 9.40524 9.65509 19.3488 -8.55945 0.753431 -32.4781 -12.6731 218.378 -3.44112 30.001 -10.2975 -7.60935 6.77133 7.71606 9.39034 25.9203 11.4524 8.02506 -16.4496 -10.8223 3.56866 -12.9225 3.58144 10.7872 -7.23452 -35.4996 -6.32279 8.68703 6.11751 -5.33076 -12.6185 -1.04136 -11.5901 -3.6881 3.85266 4.04786 -25.3108 -0.248276 22.0826 -10.2267 12.14 4.45708 -12.7055 -10.0171 24.1273 
0.105735 23.1942 1.90789 -10.6564 2.39277 -25.3627 41.0228 1.72064 34.2986 -11.3934 -3.40163 2.11776 -3.44112 198.1 -9.8353 -15.0647 19.3356 16.7435 15.5022 -14.786 -24.073 30.6711 -5.0854 8.9636 -11.9504 -19.0265 -10.5121 20.8412 -4.93969 10.0592 -16.2639 -6.44785 23.8844 8.64342 -2.55073 4.16926 -7.72778 -14.3106 -9.30256 20.8248 -19.6932 -25.367 13.9845 5.89915 -21.1116 2.12319 5.76572 -15.1865 -20.677 20.8653 
0.027078 -5.37519 -9.13262 3.70253 26.2441 -6.93017 9.81968 -3.82963 27.5932 -8.56148 1.83938 -0.272491 30.001 -9.8353 -177.007 -18.8245 -4.17695 20.5889 -4.97263 -7.56275 -8.25708 15.6754 -14.5269 2.05215 21.1082 17.617 -8.96885 2.74011 -11.7094 13.7724 -26.3226 -2.23779 0.334479 -0.182437 11.6226 22.5011 -17.3826 0.919375 -1.02265 -0.546497 -13.8856 -21.1349 5.59364 0.46885 19.0682 -10.5738 5.75503 -11.375 8.90834 -2.26185 
1.58492 1.89904 3.19898 -11.2538 9.61889 -32.6875 4.47872 -40.8 11.4676 2.71482 21.2035 16.2544 -10.2975 -15.0647 -18.8245 194.515 28.6664 9.87975 10.6133 -9.83415 -1.62302 4.65085 12.3829 -25.1333 -18.4916 1.46135 -17.0506 -34.7074 14.2836 -24.387 22.8144 -33.7542 -1.95365 -10.8355 -10.5594 -7.84879 22.7855 20.1082 15.2928 4.30303 -2.99367 -27.3101 -9.31669 17.469 1.66323 8.51576 1.82186 22.9311 16.7743 2.49801 
-0.297378 1.78118 9.18552 12.3963 5.83965 -15.4134 3.20913 -2.39232 30.4384 -15.8921 22.6928 39.1254 -7.60935 19.3356 -4.17695 28.6664 -171.321 -17.6861 -13.6213 3.49671 5.36371 -27.6476 -11.1918 36.3242 4.78086 8.18635 14.3256 30.8562 10.2744 27.33 41.2237 22.4986 -17.1438 8.09337 6.43708 -4.67559 -15.132 -4.92895 -0.0355575 -12.1612 24.0058 24.5852 -1.01357 0.0158265 -15.8503 -22.2527 -11.871 0.790422 -5.16546 24.3228 
2.04048 -4.54873 -12.4272 20.7588 37.7013 3.51415 1.12182 0.708208 -11.436 20.1697 14.5526 5.77063 6.77133 16.7435 20.5889 9.87975 -17.6861 170.423 1.72727 -1.23187 -20.3959 14.901 -24.9598 -9.79576 15.474 32.2505 -6.80132 -1.58337 -4.05584 13.9942 27.9119 -5.34837 -15.9742 22.8717 -17.6616 -14.1783 -7.97095 18.6452 36.2859 19.4902 -8.05207 -30.245 8.58072 34.0815 -5.1309 -10.4663 4.49636 -26.6323 -19.7014 -5.72519 
-1.68821 -6.53506 3.44204 -21.1045 2.73092 0.0156664 -24.3313 -6.99048 -14.9721 -13.4348 0.501395 4.26174 7.71606 15.5022 -4.97263 10.6133 -13.6213 1.72727 -187.71 2.30753 -8.03626 -22.2225 7.88331 -0.724289 -8.16213 9.2647 -0.0534415 -5.62418 0.787545 -16.1607 12.4636 -9.62276 1.86139 -17.1142 0.788086 11.6696 33.6627 -4.17351 -17.2822 -17.0908 18.2557 7.25965 3.50183 7.07697 23.6934 -20.6962 13.317 8.31639 28.9901 -3.99255 
1.44947 -21.2079 2.76324 -31.2438 8.05378 -7.75555 34.2629 20.28 33.8743 -0.840034 -28.8811 -5.77491 9.39034 -14.786 -7.56275 -9.83415 3.49671 -1.23187 2.30753 226.512 18.1714 -14.5561 18.3069 7.98057 24.8469 -12.6345 -12.4375 -18.6393 -12.2561 18.963 15.7843 5.08263 -1.61609 -12.7944 7.70021 -11.7154 8.77961 -16.3532 45.0786 22.6681 27.3016 10.6411 2.39947 -6.85591 5.67767 -25.0017 -23.3064 6.95037 -19.5706 12.865 
0.187607 -12.3148 -10.2426 5.85845 14.8014 34.442 40.8301 18.2127 -19.5505 -6.32725 -29.7602 -13.0971 25.9203 -24.073 -8.25708 -1.62302 5.36371 -20.3959 -8.03626 18.1714 150.888 -4.04827 -13.2448 -12.0037 20.9963 34.6208 6.39898 9.82406 -1.56037 -0.537446 -13.0759 12.049 -15.1754 -19.2526 2.52945 -6.22369 17.2852 9.43725 29.1184 -10.2904 21.6117 -6.48315 -22.1495 8.63212 6.43735 7.39877 10.9147 -3.8111 -24.7475 4.29056 
-0.660112 10.0051 4.26351 8.51782 17.7928 -2.08365 20.5626 -5.47782 21.0332 -14.4896 5.10534 26.9165 11.4524 30.6711 15.6754 4.65085 -27.6476 14.901 -22.2225 -14.5561 -4.04827 -142.74 9.58899 -0.236188 -18.1505 -9.07073 28.4102 -20.3691 18.4795 1.10324 11.9047 12.0354 3.10333 14.0053 -7.94659 11.3578 18.7808 15.0635 15.1087 -15.1655 7.47164 4.01001 -11.6318 20.4213 3.7408 -35.1979 -6.32849 10.0612 24.986 -3.2493 
3.40899 10.1126 5.02787 -12.9639 -12.2723 -1.49312 7.44301 14.9311 24.3372 -20.2634 15.6775 -13.4937 8.02506 -5.0854 -14.5269 12.3829 -11.1918 -24.9598 7.88331 18.3069 -13.2448 9.58899 -198.774 36.1283 17.6498 18.7392 -7.48463 7.0162 14.5304 20.9037 -4.32737 -19.9007 -6.07403 3.29344 -8.89209 -1.54116 -11.8565 15.787 28.2637 15.2284 -45.7398 4.05972 -7.73038 26.1597 -1.67829 1.31825 -0.320701 -25.4894 -0.319854 21.6008 
1.01903 10.101 1.66759 20.9018 3.59055 -6.54658 -10.478 3.8939 -17.3929 20.8997 -13.1164 -13.2791 -16.4496 8.9636 2.05215 -25.1333 36.3242 -9.79576 -0.724289 7.98057 -12.0037 -0.236188 36.1283 -152.68 -7.84063 0.992562 -7.98773 -6.59404 -0.69601 -20.7534 -26.1069 4.74963 7.12583 -6.65715 -17.2353 -1.75617 25.8716 5.96037 13.9004 15.0014 8.66308 -23.6299 -9.72503 -1.83045 4.99366 10.0917 4.15914 -4.48231 -7.53856 5.61507 
0.996524 5.71226 0.700751 -7.33334 8.90793 -11.4906 18.5119 -1.0257 -23.4016 0.836151 -12.7466 0.132501 -10.8223 -11.9504 21.1082 -18.4916 4.78086 15.474 -8.16213 24.8469 20.9963 -18.1505 17.6498 -7.84063 -151.191 -24.7267 -5.52387 -20.7676 22.7753 -18.0527 2.0072 6.95524 2.1353 1.09359 -19.4073 -53.3136 5.6155 3.00466 -15.3404 -8.43453 -10.4445 -23.5393 -17.0516 5.20147 -16.2803 5.97613 -2.51835 18.0888 5.70731 7.49114 
0.704019 0.83101 0.107897 23.5584 32.7774 -2.98401 12.9738 12.5304 -22.0216 5.59824 -0.965774 13.8208 3.56866 -19.0265 17.617 1.46135 8.18635 32.2505 9.2647 -12.6345 34.6208 -9.07073 18.7392 0.992562 -24.7267 162.525 -3.28105 -0.798009 -13.0453 -7.38679 -19.0884 -4.86396 -13.0917 -11.9634 -15.1325 16.7055 12.749 15.544 17.4766 2.51071 -24.6045 -20.9628 -4.30223 -1.80367 14.0804 18.45 -0.161821 -2.14668 -38.1697 -1.15168 
-0.912344 -0.637187 0.137982 -13.1658 -25.0906 1.95665 2.22621 -10.2544 -3.43867 8.20267 19.4128 23.1154 -12.9225 -10.5121 -8.96885 -17.0506 14.3256 -6.80132 -0.0534415 -12.4375 6.39898 28.4102 -7.48463 -7.98773 -5.52387 -3.28105 128.114 14.3433 -22.4903 -4.85081 -27.1767 5.08604 -13.4611 -11.476 -2.99794 26.6608 1.61101 2.58448 4.57466 -2.81924 -11.2802 -1.60471 10.3381 -2.72957 18.2092 -1.49515 31.2613 -7.58676 -13.4176 15.7594 
0.894953 2.2153 0 16.82 -10.5108 -6.93568 -16.335 12.4777 -20.2364 -20.9714 20.8786 1.26741 3.58144 20.8412 2.74011 -34.7074 30.8562 -1.58337 -5.62418 -18.6393 9.82406 -20.3691 7.0162 -6.59404 -20.7676 -0.798009 14.3433 -131.147 19.5292 -3.72138 -4.96397 -22.2621 -4.4684 -15.6269 -10.5383 -15.4355 2.92024 7.03111 -2.60063 -2.57567 -38.3576 -5.75411 -8.34464 -10.9694 2.46371 19.9124 6.0538 8.89953 -4.85439 -8.01963 
0.414359 5.88438 -13.843 3.07819 -1.34523 7.97845 -30.2984 -11.7825 -19.5815 9.88734 12.2373 -25.5127 10.7872 -4.93969 -11.7094 14.2836 10.2744 -4.05584 0.787545 -12.2561 -1.56037 18.4795 14.5304 -0.69601 22.7753 -13.0453 -22.4903 19.5292 170.906 0.568489 0.876605 -0.0541403 10.7545 20.4597 -19.3164 -33.7657 3.0217 3.07096 -19.6049 10.0646 11.245 -8.80754 -3.65277 11.3177 -24.237 12.0164 -7.66237 -1.86972 -0.478225 -10.5017 
-1.55155 -5.29983 0.806653 -5.42626 2.91537 0.119452 -41.3857 10.599 -34.1017 5.19894 -8.68107 -21.3563 -7.23452 10.0592 13.7724 -24.387 27.33 13.9942 -16.1607 18.963 -0.537446 1.10324 20.9037 -20.7534 -18.0527 -7.38679 -4.85081 -3.72138 0.568489 118.244 16.6404 18.6925 12.4171 8.32001 17.4818 10.5474 -26.2604 -19.539 13.0478 12.032 0.306569 35.788 26.4406 -22.7981 -2.93492 -13.4512 -2.00154 18.3092 12.5242 -20.8465 
-0.0136624 6.62485 8.88071 -13.7017 28.9322 -9.47511 -14.6303 -28.6217 -7.14176 -0.0490885 19.762 -8.1985 -35.4996 -16.2639 -26.3226 22.8144 41.2237 27.9119 12.4636 15.7843 -13.0759 11.9047 -4.32737 -26.1069 2.0072 -19.0884 -27.1767 -4.96397 0.876605 16.6404 -140.722 19.8187 -18.3841 5.76617 -7.0333 12.8403 -15.9242 11.6906 -7.77869 -10.883 -9.20338 -6.45885 -7.90752 -0.304119 17.2619 1.0639 16.22 -5.6202 -13.8609 1.56346 
0.305826 2.1752 5.22264 -11.5744 -2.42448 15.624 18.0686 -0.719711 -5.28356 -28.094 -2.16631 39.2727 -6.32279 -6.44785 -2.23779 -33.7542 22.4986 -5.34837 -9.62276 5.08263 12.049 12.0354 -19.9007 4.74963 6.95524 -4.86396 5.08604 -22.2621 -0.0541403 18.6925 19.8187 -163.576 4.64618 -14.1853 2.03832 5.28909 2.69582 7.41674 21.5759 14.0493 -17.6012 -14.981 -2.10376 13.518 5.2139 -5.53819 26.1248 -14.8629 -10.3531 -2.77612 
0.881715 -5.73302 -16.0924 22.2324 -30.3464 8.27138 -8.95968 -1.8263 -16.3486 0.368655 -6.56099 -20.7484 8.68703 23.8844 0.334479 -1.95365 -17.1438 -15.9742 1.86139 -1.61609 -15.1754 3.10333 -6.07403 7.12583 2.1353 -13.0917 -13.4611 -4.4684 10.7545 12.4171 -18.3841 4.64618 -67.9603 -22.9341 -1.21682 -1.44384 -7.73308 -8.83266 26.1887 11.3891 -1.31934 -1.53288 -7.09911 -3.00033 3.74476 -14.2 -2.80636 -12.3309 -36.8587 24.7376 
0.994638 5.01154 0.502878 5.50267 13.4974 1.47468 -35.0144 6.71632 -8.12451 -8.84877 15.293 1.83536 6.11751 8.64342 -0.182437 -10.8355 8.09337 22.8717 -17.1142 -12.7944 -19.2526 14.0053 3.29344 -6.65715 1.09359 -11.9634 -11.476 -15.6269 20.4597 8.32001 5.76617 -14.1853 -22.9341 -76.7364 -22.069 4.34712 -7.30115 -16.6122 5.46423 -29.4107 -40.0244 -0.41768 -32.5758 7.25527 -5.0814 8.43785 -28.5562 11.1541 -0.997371 31.7715 
-0.520748 1.41846 10.4803 21.4338 20.5739 12.2226 27.6131 -0.228049 -6.71339 5.98511 -3.7552 4.3341 -5.33076 -2.55073 11.6226 -10.5594 6.43708 -17.6616 0.788086 7.70021 2.52945 -7.94659 -8.89209 -17.2353 -19.4073 -15.1325 -2.99794 -10.5383 -19.3164 17.4818 -7.0333 2.03832 -1.21682 -22.069 130.123 17.1838 -16.9877 -21.8468 -16.9309 -7.46977 -26.6608 16.1075 -3.1426 -11.8497 25.192 -8.80621 20.8828 -5.37149 24.8449 -6.15124 
0.440177 -1.31808 -1.90193 2.02099 -9.10247 13.5808 -16.1055 23.9681 1.70304 -4.12611 21.6996 13.1013 -12.6185 4.16926 22.5011 -7.84879 -4.67559 -14.1783 11.6696 -11.7154 -6.22369 11.3578 -1.54116 -1.75617 -53.3136 16.7055 26.6608 -15.4355 -33.7657 10.5474 12.8403 5.28909 -1.44384 4.34712 17.1838 -76.6016 -0.312612 17.5224 21.2222 0.586509 15.5228 -5.37734 -22.5066 10.4593 -9.43658 -3.95499 -15.5861 7.95334 -14.1842 6.40245 
-0.286323 -3.56015 13.5147 1.00591 -17.8136 -20.0568 -14.0484 15.7577 2.84111 -3.16778 -24.8742 -4.40445 -1.04136 -7.72778 -17.3826 22.7855 -15.132 -7.97095 33.6627 8.77961 17.2852 18.7808 -11.8565 25.8716 5.6155 12.749 1.61101 2.92024 3.0217 -26.2604 -15.9242 2.69582 -7.73308 -7.30115 -16.9877 -0.312612 -52.6343 -10.1113 0.965154 -7.06462 -5.43872 0.718088 6.20508 -11.3061 4.55093 -3.76412 -7.42638 11.8565 -8.0725 -1.56453 
-0.576423 -2.04649 2.483 -2.83859 8.45242 -2.62015 -2.47244 -25.8561 2.38406 -0.256637 17.8381 1.37139 -11.5901 -14.3106 0.919375 20.1082 -4.92895 18.6452 -4.17351 -16.3532 9.43725 15.0635 15.787 5.96037 3.00466 15.544 2.58448 7.03111 3.07096 -19.539 11.6906 7.41674 -8.83266 -16.6122 -21.8468 17.5224 -10.1113 -19.5859 -4.7732 8.17026 -9.63904 21.0992 23.4127 -10.6792 -10.4175 -1.92143 0.308223 -2.01102 -8.65573 0.817412 
0.221005 -1.48793 27.7803 -28.9683 -24.5017 -5.5907 -42.6849 19.4369 -24.0665 -10.0044 23.075 -17.1977 -3.6881 -9.30256 -1.02265 15.2928 -0.0355575 36.2859 -17.2822 45.0786 29.1184 15.1087 28.2637 13.9004 -15.3404 17.4766 4.57466 -2.60063 -19.6049 13.0478 -7.77869 21.5759 26.1887 5.46423 -16.9309 21.2222 0.965154 -4.7732 139.218 7.69823 11.0286 4.29195 1.69418 -2.72711 -3.28189 -2.55048 -7.89292 -11.9403 -12.5413 6.02049 
-0.542 -6.23409 12.3906 10.4643 -2.37584 -2.85553 -1.21562 22.022 18.2273 2.87856 -0.487467 -14.9456 3.85266 20.8248 -0.546497 4.30303 -12.1612 19.4902 -17.0908 22.6681 -10.2904 -15.1655 15.2284 15.0014 -8.43453 2.51071 -2.81924 -2.57567 10.0646 12.032 -10.883 14.0493 11.3891 -29.4107 -7.46977 0.586509 -7.06462 8.17026 7.69823 -7.29767 -1.01047 -7.43506 18.2267 -26.7893 8.15776 10.236 -16.8786 35.8454 -10.9133 -23.7477 
-0.211758 -3.67775 21.9766 4.86144 -7.31301 -6.6116 23.5572 14.721 9.98248 -22.166 -6.3868 13.9821 4.04786 -19.6932 -13.8856 -2.99367 24.0058 -8.05207 18.2557 27.3016 21.6117 7.47164 -45.7398 8.66308 -10.4445 -24.6045 -11.2802 -38.3576 11.245 0.306569 -9.20338 -17.6012 -1.31934 -40.0244 -26.6608 15.5228 -5.43872 -9.63904 11.0286 -1.01047 111.136 19.4823 1.11735 -9.47886 -18.5832 -0.478262 -24.2815 11.1819 -10.3502 9.77738 
-0.0756015 0.0489703 -6.79341 -3.4628 -4.42654 4.12228 -5.65854 8.92321 0.511236 -16.9455 12.9064 23.528 -25.3108 -25.367 -21.1349 -27.3101 24.5852 -30.245 7.25965 10.6411 -6.48315 4.01001 4.05972 -23.6299 -23.5393 -20.9628 -1.60471 -5.75411 -8.80754 35.788 -6.45885 -14.981 -1.53288 -0.41768 16.1075 -5.37734 0.718088 21.0992 4.29195 -7.43506 19.4823 -80.3225 3.40153 2.28025 2.86074 -3.11011 5.25103 -0.620859 3.0571 1.78067 
0.150677 3.43225 29.6979 -2.69559 -8.20025 1.58862 -27.3309 -10.0556 -1.35002 11.9196 -17.4441 -41.8406 -0.248276 13.9845 5.59364 -9.31669 -1.01357 8.58072 3.50183 2.39947 -22.1495 -11.6318 -7.73038 -9.72503 -17.0516 -4.30223 10.3381 -8.34464 -3.65277 26.4406 -7.90752 -2.10376 -7.09911 -32.5758 -3.1426 -22.5066 6.20508 23.4127 1.69418 18.2267 1.11735 3.40153 49.8858 18.9666 -0.865516 -3.70298 13.4239 -12.1477 9.81493 16.4262 
0.130528 2.49897 -16.6079 10.0632 20.755 -9.60652 -13.5356 25.1538 -17.5002 -7.82423 4.26554 -2.58614 22.0826 5.89915 0.46885 17.469 0.0158265 34.0815 7.07697 -6.85591 8.63212 20.4213 26.1597 -1.83045 5.20147 -1.80367 -2.72957 -10.9694 11.3177 -22.7981 -0.304119 13.518 -3.00033 7.25527 -11.8497 10.4593 -11.3061 -10.6792 -2.72711 -26.7893 -9.47886 2.28025 18.9666 72.6415 6.00776 -0.0498277 13.655 -14.5162 8.39936 -2.52854 
-0.4608 0.0933076 5.61636 1.84172 -12.8926 -5.88829 -5.5229 13.2425 -18.8433 21.126 -26.9575 -23.5025 -10.2267 -21.1116 19.0682 1.66323 -15.8503 -5.1309 23.6934 5.67767 6.43735 3.7408 -1.67829 4.99366 -16.2803 14.0804 18.2092 2.46371 -24.237 -2.93492 17.2619 5.2139 3.74476 -5.0814 25.192 -9.43658 4.55093 -10.4175 -3.28189 8.15776 -18.5832 2.86074 -0.865516 6.00776 76.3237 -5.75565 16.5292 -0.408384 -3.13125 0.0943133 
0.0927506 0.922211 0.0400556 24.5664 -1.15027 12.6969 -2.98342 19.4758 -2.50613 -18.0047 13.6233 12.1074 12.14 2.12319 -10.5738 8.51576 -22.2527 -10.4663 -20.6962 -25.0017 7.39877 -35.1979 1.31825 10.0917 5.97613 18.45 -1.49515 19.9124 12.0164 -13.4512 1.0639 -5.53819 -14.2 8.43785 -8.80621 -3.95499 -3.76412 -1.92143 -2.55048 10.236 -0.478262 -3.11011 -3.70298 -0.0498277 -5.75565 -39.3672 3.88945 -4.91389 2.23789 1.92379 
0.00859502 0.096984 7.70301 -8.32232 20.0202 4.33523 -2.72086 -5.09022 5.33295 1.50884 9.722 15.844 4.45708 5.76572 5.75503 1.82186 -11.871 4.49636 13.317 -23.3064 10.9147 -6.32849 -0.320701 4.15914 -2.51835 -0.161821 31.2613 6.0538 -7.66237 -2.00154 16.22 26.1248 -2.80636 -28.5562 20.8828 -15.5861 -7.42638 0.308223 -7.89292 -16.8786 -24.2815 5.25103 13.4239 13.655 16.5292 3.88945 -43.2641 0.152301 1.27933 0.798932 
-0.0701304 -0.0772752 -5.31318 10.6476 -1.36104 16.375 5.58238 -29.9977 10.5203 -2.20375 17.3045 -16.9493 -12.7055 -15.1865 -11.375 22.9311 0.790422 -26.6323 8.31639 6.95037 -3.8111 10.0612 -25.4894 -4.48231 18.0888 -2.14668 -7.58676 8.89953 -1.86972 18.3092 -5.6202 -14.8629 -12.3309 11.1541 -5.37149 7.95334 11.8565 -2.01102 -11.9403 35.8454 11.1819 -0.620859 -12.1477 -14.5162 -0.408384 -4.91389 0.152301 89.0987 -0.750379 -0.753904 
0.0527444 0.0264402 -32.1599 33.5401 27.3768 -14.7488 37.2842 14.1064 -8.76621 15.7241 -3.08802 7.43255 -10.0171 -20.677 8.90834 16.7743 -5.16546 -19.7014 28.9901 -19.5706 -24.7475 24.986 -0.319854 -7.53856 5.70731 -38.1697 -13.4176 -4.85439 -0.478225 12.5242 -13.8609 -10.3531 -36.8587 -0.997371 24.8449 -14.1842 -8.0725 -8.65573 -12.5413 -10.9133 -10.3502 3.0571 9.81493 8.39936 -3.13125 2.23789 1.27933 -0.750379 4.90018 0.61511 
0.0393778 0 -17.6069 -2.4424 -7.20177 2.44637 -14.5256 -18.5518 4.30948 2.45255 8.98132 16.4276 24.1273 20.8653 -2.26185 2.49801 24.3228 -5.72519 -3.99255 12.865 4.29056 -3.2493 21.6008 5.61507 7.49114 -1.15168 15.7594 -8.01963 -10.5017 -20.8465 1.56346 -2.77612 24.7376 31.7715 -6.15124 6.40245 -1.56453 0.817412 6.02049 -23.7477 9.77738 1.78067 16.4262 -2.52854 0.0943133 1.92379 0.798932 -0.753904 0.61511 30.7051 
