724.731 62.5064 24.8803 -43.955 -23.1762 34.5212 34.8265 -31.168 21.6954 8.78485 -15.7824 9.7117 6.6929 0 130.252 135.463 210.105 221.432 196.943 149.152 139.993 213.428 217.631 147.128 197.864 178.803 162.327 182.467 194.653 185.041 198.573 205.345 141.904 196.422 183.089 224.163 169.802 175.771 180.923 201.077 209.223 201.092 159.965 163.659 208.382 172.925 156.649 118.068 220.968 227.234 
62.5064 -44.8493 -18.8103 63.1957 3.04724 19.2577 -2.75348 -13.2537 18.0487 51.0984 12.7799 -25.5794 -44.2538 22.1501 -12.7598 15.3591 -18.177 23.6566 -16.1236 -9.30643 41.1559 -18.0398 41.4303 51.853 -8.42911 -5.12783 20.9881 15.3741 15.7082 16.1441 25.3011 71.0716 -5.64116 30.6884 26.2083 35.6221 17.7914 -28.7667 36.1775 21.3643 65.9587 -14.1925 38.0637 52.4559 9.53875 11.7088 -44.741 8.17797 62.986 38.9261 
24.8803 -18.8103 -3.56441 46.1201 -7.83736 -5.13062 3.21384 -5.20676 -44.7088 43.7247 -51.6566 -0.763769 33.3202 -6.30524 17.0838 -19.0011 53.14 53.0371 -0.194328 39.4106 58.6827 5.35725 -35.1252 1.83609 -18.9601 11.6391 -27.447 67.0876 18.8297 45.8788 41.117 -16.0504 12.8887 15.6818 1.12716 35.2883 -12.6085 52.6114 39.1884 -25.7345 35.099 -20.7236 -3.1996 -3.15328 11.0344 3.08921 -16.5064 -13.7886 -12.1423 8.77419 
-43.955 63.1957 46.1201 9.46912 -58.0026 -14.8621 -17.8674 -5.73967 60.3339 -23.6714 -14.7965 32.977 -11.2742 0.161377 -24.9384 28.9619 33.3163 34.6963 12.0624 -7.71312 -3.89595 1.92835 27.9995 -40.3695 -18.6118 33.5159 -22.4858 -27.8961 17.9904 5.65857 -3.67753 54.4158 6.87241 0.257492 -6.81618 -38.2563 -39.7113 2.29777 -0.133495 -5.87481 10.0271 -33.0801 35.813 -14.1959 -14.2994 51.3772 -20.669 16.1061 -0.928894 14.9383 
-23.1762 3.04724 -7.83736 -58.0026 -38.2251 -1.94155 -15.2382 -39.8633 -10.3258 -6.73267 43.3791 -11.4188 -7.13854 14.5859 -22.8224 10.2785 -35.4107 -10.7423 -39.9937 -11.8227 -10.5983 40.9303 6.92981 -12.9372 -25.3051 59.0866 -13.4994 8.17489 5.67683 34.1075 44.508 54.5554 48.5527 -29.9635 -12.7206 25.841 -49.4974 -4.34213 19.0403 51.5305 8.92916 45.8166 3.27682 31.292 31.1886 -34.8055 11.9981 -15.1449 14.6337 -55.2069 
34.5212 19.2577 -5.13062 -14.8621 -1.94155 3.91289 -6.59377 61.5841 7.33892 9.79032 29.6035 18.303 -21.7433 -31.2487 -10.2053 -11.9928 -21.5827 29.8926 5.28049 58.7621 -17.3211 -10.3988 -1.94948 25.7512 1.6364 -3.41336 41.7118 -13.154 -22.6234 49.0574 27.2292 -5.67203 19.614 29.3673 -9.43725 -39.0938 5.41045 25.1837 74.5338 53.7388 12.7131 42.3471 45.9522 49.993 -10.2525 55.8029 3.18995 21.5404 70.8453 22.1065 
34.8265 -2.75348 3.21384 -17.8674 -15.2382 -6.59377 -3.31921 26.2844 20.0053 34.1466 26.7363 21.6462 -1.46518 -53.8172 27.5899 53.2352 48.6409 -31.4423 17.2092 40.3256 -1.1755 30.0596 11.164 36.4203 -3.83374 -10.8467 -35.8607 5.17435 -14.4311 12.6572 -38.0078 28.3423 -20.024 -14.0229 8.3961 -11.6777 -44.7812 -14.7113 -36.8215 -8.01761 14.2932 -40.8765 -44.5668 -30.3354 -5.02619 -27.1222 3.70333 -3.54178 46.6165 -47.2888 
-31.168 -13.2537 -5.20676 -5.73967 -39.8633 61.5841 26.2844 -65.7162 -14.6499 -39.7267 -11.2075 39.3684 -46.7411 -13.4008 -12.8398 9.74043 33.2453 5.62672 -25.9416 -19.5335 -15.8781 8.75204 23.9622 37.4269 -12.3465 37.5504 50.5117 31.3246 5.80172 -13.2034 -23.2802 24.9083 -6.27884 38.3275 -19.743 -22.544 47.1397 -31.6114 52.6648 40.1008 -43.1525 45.4968 -28.4027 39.4187 -50.088 -6.93566 -15.9204 31.4991 37.378 -52.945 
21.6954 18.0487 -44.7088 60.3339 -10.3258 7.33892 20.0053 -14.6499 28.9311 18.5543 16.3655 37.9613 -4.91266 5.03216 22.2159 3.42662 27.6592 32.6596 48.8229 -32.655 -12.7374 9.40996 -61.5569 -28.6456 20.909 7.56834 -15.3128 17.8 -17.4322 -53.3197 -39.4682 -49.1344 54.7542 -36.294 -12.0224 8.48166 -21.521 46.57 24.6436 -39.1469 -2.01337 50.4109 2.64272 -31.7312 -8.02869 7.75894 -38.6585 8.42687 -21.2969 -1.81606 
8.78485 51.0984 43.7247 -23.6714 -6.73267 9.79032 34.1466 -39.7267 18.5543 38.0653 -2.27174 27.1793 -6.24001 18.6589 -10.5271 -37.8034 -7.9157 31.651 46.3159 11.4751 53.123 -53.823 -29.38 20.6476 51.781 4.57599 47.7678 40.4322 -35.2833 -1.81317 52.6903 19.9581 52.029 0.100521 -24.5496 -24.3584 9.74361 -30.575 -27.5788 12.9936 -54.6325 -22.5333 -7.06855 10.3495 -13.5759 13.4489 -36.6845 64.7327 40.1631 45.3974 
-15.7824 12.7799 -51.6566 -14.7965 43.3791 29.6035 26.7363 -11.2075 16.3655 -2.27174 -12.5031 -1.10942 -44.506 -15.8508 -33.8425 -33.7565 26.9231 -9.74006 -13.7084 20.4174 11.3677 -17.4831 -24.8581 -3.66129 42.7073 -31.5014 -18.2021 -41.0534 -27.3688 -3.81669 17.7387 28.325 -8.72204 -12.5419 -15.8242 17.8388 -47.7934 -4.21804 23.3605 1.87245 32.3881 17.4574 52.2499 49.9647 33.3468 0.319065 7.35149 -3.02772 30.4244 25.5803 
9.7117 -25.5794 -0.763769 32.977 -11.4188 18.303 21.6462 39.3684 37.9613 27.1793 -1.10942 9.96575 6.28966 32.0404 -0.436777 7.67201 19.0894 -0.175926 21.2012 -12.3025 -6.91282 21.7365 36.8387 -22.2882 50.361 -8.55321 61.2397 33.8107 34.8392 -5.31181 53.4107 -17.0124 -3.86985 15.4317 -22.9716 22.5061 -28.4716 25.8719 -23.9023 49.4032 -42.4744 8.08268 -2.51083 59.3288 -30.5786 19.5269 49.0756 4.98306 0.314034 45.7214 
6.6929 -44.2538 33.3202 -11.2742 -7.13854 -21.7433 -1.46518 -46.7411 -4.91266 -6.24001 -44.506 6.28966 7.15257 26.5276 20.0085 50.2688 -17.164 43.1937 11.4659 -6.14489 -21.519 39.0613 -36.6391 19.0681 -33.9016 50.1211 -28.756 38.718 -38.235 23.2464 44.0999 24.2857 22.3831 -6.98486 -21.1961 -19.3105 47.8381 48.8438 -2.52053 21.8912 21.6906 38.9893 22.602 -23.7556 -45.2794 21.472 13.9637 8.98121 -46.0853 6.63771 
0 22.1501 -6.30524 0.161377 14.5859 -31.2487 -53.8172 -13.4008 5.03216 18.6589 -15.8508 32.0404 26.5276 -28.0506 -14.2985 12.233 32.5916 19.4204 10.1288 37.6567 2.83928 37.9411 30.6928 -29.901 30.5232 13.6743 -26.5163 27.1885 -19.2021 -46.6856 10.7491 -33.2445 3.38845 -23.7738 44.5643 19.7627 -8.80685 14.4392 37.8915 45.1827 7.03059 21.4583 61.7433 -23.7583 -12.3526 27.5334 25.4518 -7.09913 41.1956 17.9566 
130.252 -12.7598 17.0838 -24.9384 -22.8224 -10.2053 27.5899 -12.8398 22.2159 -10.5271 -33.8425 -0.436777 20.0085 -14.2985 47 31 62 82 90 92 91 57 15 21 57 74 91 47 51 31 21 37 40 54 30 98 25 81 16 16 2 31 39 96 4 38 80 18 21 70 
135.463 15.3591 -19.0011 28.9619 10.2785 -11.9928 53.2352 9.74043 3.42662 -37.8034 -33.7565 7.67201 50.2688 12.233 31 62 12 79 77 85 36 4 76 83 7 59 57 44 99 11 27 50 36 60 18 5 63 49 44 11 5 34 91 75 55 14 89 68 93 18 
210.105 -18.177 53.14 33.3163 -35.4107 -21.5827 48.6409 33.2453 27.6592 -7.9157 26.9231 19.0894 -17.164 32.5916 62 12 5 82 22 82 17 30 93 74 26 93 86 53 43 74 14 13 79 77 62 75 88 19 10 32 94 17 46 35 37 91 53 43 73 28 
221.432 23.6566 53.0371 34.6963 -10.7423 29.8926 -31.4423 5.62672 32.6596 31.651 -9.74006 -0.175926 43.1937 19.4204 82 79 82 25 91 10 18 17 36 63 55 90 58 30 4 71 61 33 85 89 73 4 51 5 50 68 3 85 6 95 39 49 20 67 26 63 
196.943 -16.1236 -0.194328 12.0624 -39.9937 5.28049 17.2092 -25.9416 48.8229 46.3159 -13.7084 21.2012 11.4659 10.1288 90 77 22 91 77 96 81 65 60 36 55 70 18 11 42 32 96 79 21 70 84 72 27 34 40 83 72 98 30 63 47 50 30 73 14 59 
149.152 -9.30643 39.4106 -7.71312 -11.8227 58.7621 40.3256 -19.5335 -32.655 11.4751 20.4174 -12.3025 -6.14489 37.6567 92 85 82 10 96 22 47 24 82 35 32 4 54 43 98 86 40 78 59 62 62 83 41 48 23 24 72 22 54 35 21 57 65 47 71 76 
139.993 41.1559 58.6827 -3.89595 -10.5983 -17.3211 -1.1755 -15.8781 -12.7374 53.123 11.3677 -6.91282 -21.519 2.83928 91 36 17 18 81 47 69 18 1 3 53 33 7 59 28 6 97 20 84 8 34 98 91 76 98 15 52 71 89 59 6 10 16 24 9 39 
213.428 -18.0398 5.35725 1.92835 40.9303 -10.3988 30.0596 8.75204 9.40996 -53.823 -17.4831 21.7365 39.0613 37.9411 57 4 30 17 65 24 18 0 78 9 53 81 14 38 89 26 67 47 23 87 31 32 22 81 75 50 79 90 54 50 31 13 57 94 81 81 
217.631 41.4303 -35.1252 27.9995 6.92981 -1.94948 11.164 23.9622 -61.5569 -29.38 -24.8581 36.8387 -36.6391 30.6928 15 76 93 36 60 82 1 78 3 20 33 82 81 87 15 96 25 4 22 92 51 97 32 34 81 6 15 57 8 95 99 62 97 83 76 54 
147.128 51.853 1.83609 -40.3695 -12.9372 25.7512 36.4203 37.4269 -28.6456 20.6476 -3.66129 -22.2882 19.0681 -29.901 21 83 74 63 36 35 3 9 20 77 9 87 32 82 21 66 63 60 82 11 85 86 85 30 90 83 14 76 16 20 92 25 28 39 25 90 
197.864 -8.42911 -18.9601 -18.6118 -25.3051 1.6364 -3.83374 -12.3465 20.909 51.781 42.7073 50.361 -33.9016 30.5232 57 7 26 55 55 32 53 53 33 9 36 60 18 43 37 28 82 21 10 55 88 25 15 70 37 53 8 22 83 50 57 97 27 26 69 71 
178.803 -5.12783 11.6391 33.5159 59.0866 -3.41336 -10.8467 37.5504 7.56834 4.57599 -31.5014 -8.55321 50.1211 13.6743 74 59 93 90 70 4 33 81 82 87 60 51 49 10 28 39 98 88 10 93 77 90 76 99 52 31 87 77 99 57 66 52 17 41 35 68 
162.327 20.9881 -27.447 -22.4858 -13.4994 41.7118 -35.8607 50.5117 -15.3128 47.7678 -18.2021 61.2397 -28.756 -26.5163 91 57 86 58 18 54 7 14 81 32 18 49 98 84 95 76 5 66 28 54 28 8 93 78 97 55 72 74 45 0 25 97 83 12 27 82 
182.467 15.3741 67.0876 -27.8961 8.17489 -13.154 5.17435 31.3246 17.8 40.4322 -41.0534 33.8107 38.718 27.1885 47 44 53 30 11 43 59 38 87 82 43 10 84 21 93 34 39 34 21 59 85 57 54 61 62 72 41 16 52 50 62 82 99 17 54 73 
194.653 15.7082 18.8297 17.9904 5.67683 -22.6234 -14.4311 5.80172 -17.4322 -35.2833 -27.3688 34.8392 -38.235 -19.2021 51 99 43 4 42 98 28 89 15 21 37 28 95 93 15 6 51 64 90 63 91 72 37 37 59 28 71 80 87 56 90 41 70 52 65 11 
185.041 16.1441 45.8788 5.65857 34.1075 49.0574 12.6572 -13.2034 -53.3197 -1.81317 -3.81669 -5.31181 23.2464 -46.6856 31 11 74 71 32 86 6 26 96 66 28 39 76 34 6 69 17 61 83 51 12 0 6 38 67 64 89 32 54 4 75 79 41 12 38 69 
198.573 25.3011 41.117 -3.67753 44.508 27.2292 -38.0078 -23.2802 -39.4682 52.6903 17.7387 53.4107 44.0999 10.7491 21 27 14 61 96 40 97 67 25 63 82 98 5 39 51 17 36 70 56 44 60 49 14 65 14 26 86 83 39 69 35 52 21 93 90 89 
205.345 71.0716 -16.0504 54.4158 54.5554 -5.67203 28.3423 24.9083 -49.1344 19.9581 28.325 -17.0124 24.2857 -33.2445 37 50 13 33 79 78 20 47 4 60 21 88 66 34 64 61 70 9 31 73 64 35 48 95 77 13 33 98 49 55 55 93 68 56 60 33 
141.904 -5.64116 12.8887 6.87241 48.5527 19.614 -20.024 -6.27884 54.7542 52.029 -8.72204 -3.86985 22.3831 3.38845 40 36 79 85 21 59 84 23 22 82 10 10 28 21 90 83 56 31 23 86 71 58 77 40 45 81 61 90 23 50 0 54 75 64 42 24 
196.422 30.6884 15.6818 0.257492 -29.9635 29.3673 -14.0229 38.3275 -36.294 0.100521 -12.5419 15.4317 -6.98486 -23.7738 54 60 77 89 70 62 8 87 92 11 55 93 54 59 63 51 44 73 86 59 19 89 44 69 38 51 76 83 19 33 43 4 56 81 75 66 
183.089 26.2083 1.12716 -6.81618 -12.7206 -9.43725 8.3961 -19.743 -12.0224 -24.5496 -15.8242 -22.9716 -21.1961 44.5643 30 18 62 73 84 62 34 31 51 85 88 77 28 85 91 12 60 64 71 19 11 67 12 92 29 2 68 31 2 74 7 18 16 83 77 87 
224.163 35.6221 35.2883 -38.2563 25.841 -39.0938 -11.6777 -22.544 8.48166 -24.3584 17.8388 22.5061 -19.3105 19.7627 98 5 75 4 72 83 98 32 97 86 25 90 8 57 72 0 49 35 58 89 67 72 73 57 62 25 33 97 96 18 41 53 26 74 80 93 
169.802 17.7914 -12.6085 -39.7113 -49.4974 5.41045 -44.7812 47.1397 -21.521 9.74361 -47.7934 -28.4716 47.8381 -8.80685 25 63 88 51 27 41 91 22 32 85 15 76 93 54 37 6 14 48 77 44 12 73 85 48 5 30 29 59 98 60 62 24 19 80 41 2 
175.771 -28.7667 52.6114 2.29777 -4.34213 25.1837 -14.7113 -31.6114 46.57 -30.575 -4.21804 25.8719 48.8438 14.4392 81 49 19 5 34 48 76 81 34 30 70 99 78 61 37 38 65 95 40 69 92 57 48 10 80 26 83 89 40 8 23 38 57 93 31 10 
180.923 36.1775 39.1884 -0.133495 19.0403 74.5338 -36.8215 52.6648 24.6436 -27.5788 23.3605 -23.9023 -2.52053 37.8915 16 44 10 50 40 23 98 75 81 90 37 52 97 62 59 67 14 77 45 38 29 62 5 80 20 5 90 13 91 38 70 21 67 29 71 80 
201.077 21.3643 -25.7345 -5.87481 51.5305 53.7388 -8.01761 40.1008 -39.1469 12.9936 1.87245 49.4032 21.8912 45.1827 16 11 32 68 83 24 15 50 6 83 53 31 55 72 28 64 26 13 81 51 2 25 30 26 5 43 95 99 24 88 54 86 69 32 69 10 
209.223 65.9587 35.099 10.0271 8.92916 12.7131 14.2932 -43.1525 -2.01337 -54.6325 32.3881 -42.4744 21.6906 7.03059 2 5 94 3 72 72 52 79 15 14 8 87 72 41 71 89 86 33 61 76 68 33 29 83 90 95 73 30 33 63 87 79 94 49 99 51 
201.092 -14.1925 -20.7236 -33.0801 45.8166 42.3471 -40.8765 45.4968 50.4109 -22.5333 17.4574 8.08268 38.9893 21.4583 31 34 17 85 98 22 71 90 57 76 22 77 74 16 80 32 83 98 90 83 31 97 59 89 13 99 30 39 64 42 30 86 15 49 15 86 
159.965 38.0637 -3.1996 35.813 3.27682 45.9522 -44.5668 -28.4027 2.64272 -7.06855 52.2499 -2.51083 22.602 61.7433 39 91 46 6 30 54 89 54 8 16 83 99 45 52 87 54 39 49 23 19 2 96 98 40 91 24 33 64 81 11 34 33 87 22 87 73 
163.659 52.4559 -3.15328 -14.1959 31.292 49.993 -30.3354 39.4187 -31.7312 10.3495 49.9647 59.3288 -23.7556 -23.7583 96 75 35 95 63 35 59 50 95 20 50 57 0 50 56 4 69 55 50 33 74 18 60 8 38 88 63 42 11 43 19 42 54 44 24 39 
208.382 9.53875 11.0344 -14.2994 31.1886 -10.2525 -5.02619 -50.088 -8.02869 -13.5759 33.3468 -30.5786 -45.2794 -12.3526 4 55 37 39 47 21 6 31 99 92 57 66 25 62 90 75 35 55 0 43 7 41 62 23 70 54 87 30 34 19 59 63 18 53 12 69 
172.925 11.7088 3.08921 51.3772 -34.8055 55.8029 -27.1222 -6.93566 7.75894 13.4489 0.319065 19.5269 21.472 27.5334 38 14 91 49 50 57 10 13 62 25 97 52 97 82 41 79 52 93 54 4 18 53 24 38 21 86 79 86 33 42 63 5 4 33 99 34 
156.649 -44.741 -16.5064 -20.669 11.9981 3.18995 3.70333 -15.9204 -38.6585 -36.6845 7.35149 49.0756 13.9637 25.4518 80 89 53 20 30 65 16 57 97 28 27 17 83 99 70 41 21 68 75 56 16 26 19 57 67 69 94 15 87 54 18 4 19 15 35 87 
118.068 8.17797 -13.7886 16.1061 -15.1449 21.5404 -3.54178 31.4991 8.42687 64.7327 -3.02772 4.98306 8.98121 -7.09913 18 68 43 67 73 47 24 94 83 39 26 41 12 17 52 12 93 56 64 81 83 74 80 93 29 32 49 49 22 44 53 33 15 53 69 50 
220.968 62.986 -12.1423 -0.928894 14.6337 70.8453 46.6165 37.378 -21.2969 40.1631 30.4244 0.314034 -46.0853 41.1956 21 93 73 26 14 71 9 81 76 25 69 35 27 54 65 38 90 60 42 75 77 80 41 31 71 69 99 15 87 24 12 99 35 69 87 2 
227.234 38.9261 8.77419 14.9383 -55.2069 22.1065 -47.2888 -52.945 -1.81606 45.3974 25.5803 45.7214 6.63771 17.9566 70 18 28 63 59 76 39 81 54 90 71 68 82 73 11 69 89 33 24 66 87 93 2 10 80 10 51 86 73 39 69 34 87 50 2 37 
