2552.21 -0.916093 -1.86955 0.748459 0.227647 -2.42835 -1.90751 0.410837 0.414896 0.901493 -2.43479 1.23408 -0.0418289 0.420898 1.28747 1.94499 0.733729 2.01346 -2.14039 1.55377 -0.0687109 -0.395595 3.8725 1.04591 1.16252 0.813678 -0.907485 1.00919 0.36249 -1.64483 0.131341 -0.363811 0.754228 1.04671 -0.640477 0.258969 -0.136605 -0.500753 0.10421 -0.487907 -0.344259 -0.0459744 -0.128238 0.380268 -0.504299 0.17089 0.132719 -0.226165 0.391467 0.000547135 
-0.916093 -296.603 -24.2803 -27.0255 -17.4121 7.34879 -1.61134 24.8108 5.29091 -24.3796 19.646 2.75996 -0.555319 25.6842 -11.2753 -8.85361 -2.85094 -5.06033 0.211353 -12.8836 -6.7123 7.36938 5.09302 17.1261 5.74217 -0.617488 -5.67812 7.01703 8.16198 0.0214177 1.12634 -0.297199 -2.12236 8.76137 1.37017 2.00155 -3.98218 -6.24446 1.53721 -3.01759 -2.273 1.24385 4.33086 6.3 -0.207563 1.95951 -2.50193 -2.04096 -0.629905 1.83703 
-1.86955 -24.2803 -319.779 2.82557 8.63101 -2.19048 -5.12253 10.6299 -8.2273 5.28773 0.901539 11.6427 -5.00395 1.53796 -0.842259 6.97772 10.819 -18.8428 6.05558 -7.43475 -15.3703 8.85045 10.1187 -0.629364 4.20305 -3.56267 -2.15672 3.02843 0.833606 -2.08663 0.121754 -4.37042 -4.48446 10.0497 6.04337 -0.445326 -2.00043 -1.78395 -2.942 -3.4207 0.375865 0.84426 0.637067 1.00733 -1.45926 1.51195 1.1074 -0.3042 1.2749 -0.732543 
0.748459 -27.0255 2.82557 278.548 -15.6399 15.6601 3.86741 9.49102 7.1183 14.8499 -42.7433 -12.9984 2.04159 -3.91866 -15.9765 -1.27458 -1.41509 -2.86515 -7.60508 9.75284 -4.97052 -12.9353 -5.54945 8.3406 -0.700586 -0.707744 -0.159934 -4.05018 3.32893 3.94719 -8.08509 0.76452 7.12798 -2.40237 -10.5205 7.85362 1.08349 1.46568 5.06055 1.22066 1.91596 0.295884 0.533284 -1.45845 0.554617 -0.560566 -0.662473 -0.988326 -1.33716 0.514328 
0.227647 -17.4121 8.63101 -15.6399 -301.294 13.9393 -4.0269 -3.93282 -7.71271 -10.1925 13.7633 -31.0099 -2.34211 6.87548 -8.02438 -14.7955 -0.9522 5.19574 8.94521 1.84241 -0.385796 -4.60134 4.51474 11.8542 -8.70602 7.80731 8.4276 1.24296 -2.25137 -2.02505 -1.16317 3.11195 5.42937 2.87659 -2.06597 2.00755 0.090181 1.46053 2.81 -1.26272 -2.57475 0.66378 1.77707 0.39711 -0.269066 -0.284078 -0.142217 0.22903 -1.18852 1.12265 
-2.42835 7.34879 -2.19048 15.6601 13.9393 -249.016 15.1481 7.66192 18.7244 18.2263 -8.32159 23.0473 -0.771571 -6.60911 -5.36644 25.2138 -16.7117 -7.77392 1.7847 3.72516 1.8473 3.79198 0.880552 2.39074 3.51526 1.82643 0.858173 0.175334 1.74995 -11.6945 -10.053 3.8103 -1.4378 -6.99485 -3.48476 1.19462 0.152106 -4.29173 -0.989754 -1.32654 -1.6297 -0.00325584 -0.0275553 0.782176 0.851123 0.43058 -0.528353 0.621679 0.962006 -0.899779 
-1.90751 -1.61134 -5.12253 3.86741 -4.0269 15.1481 -263.683 -10.3824 -3.15223 -6.32097 14.7517 -8.22369 5.21907 14.6979 14.6706 3.44725 10.2515 32.5923 4.32661 -1.83889 -0.239003 -8.87362 12.5142 -0.401299 0.44612 -0.612081 -6.25477 7.45427 5.51206 -0.582625 2.33073 1.07973 1.56923 0.734986 -3.58775 0.329439 -3.05493 3.20113 1.25557 -5.57482 -1.10348 -0.0628126 3.12194 0.13982 0.651811 -0.422399 -0.194714 0.395742 -0.38376 0.518598 
0.410837 24.8108 10.6299 9.49102 -3.93282 7.66192 -10.3824 -333.998 7.09991 10.4471 1.73542 -5.57498 -2.84947 -1.60575 -0.716906 1.80772 4.08959 2.24358 -0.521109 4.57137 1.34821 1.84344 -3.59805 -3.64266 11.2943 -2.06294 -4.69969 1.93299 1.09414 -1.16355 1.04035 -0.243395 3.49968 2.1341 -2.31086 0.225621 1.41131 1.17334 -0.486887 2.22998 1.90909 -0.250136 -1.39295 -1.93319 0.277066 -0.525326 0.0308649 -0.0505961 0.0305092 0 
0.414896 5.29091 -8.2273 7.1183 -7.71271 18.7244 -3.15223 7.09991 323.495 0.100754 0 15.8137 -23.9236 24.0631 9.29854 10.763 4.56719 -27.837 16.441 35.1813 -10.1298 4.85605 25.2842 -27.5303 -2.20031 -27.692 6.62571 -9.97306 -10.5579 -4.691 13.9683 19.0145 -24.9466 2.00457 -22.5605 2.92586 -2.61892 4.99712 21.7331 -5.09988 4.26124 11.6829 -1.76667 -8.79632 -17.9193 -13.6854 9.35388 -4.30246 -39.1252 4.24016 
0.901493 -24.3796 5.28773 14.8499 -10.1925 18.2263 -6.32097 10.4471 0.100754 271.552 9.33458 -12.8553 -23.728 13.8903 12.9525 14.4095 11.464 3.6963 -18.3604 16.6915 -22.9159 5.1831 0.625915 2.98307 -19.1918 -12.8665 5.49583 -27.3867 -8.15063 -20.0734 -2.7663 -22.2237 -13.7313 -7.50086 -2.64304 3.60093 -1.62626 2.58136 -22.1774 15.8785 -9.9999 -8.28906 7.9448 -17.3298 -0.733832 -12.0671 6.60066 5.35915 -0.497555 5.18189 
-2.43479 19.646 0.901539 -42.7433 13.7633 -8.32159 14.7517 1.73542 0 9.33458 -233.352 -0.2977 -36.166 -17.7632 -6.69474 14.5508 17.7106 0.889985 8.28013 -32.7979 -41.9437 -7.39205 15.4794 -7.39642 -20.2374 -19.3848 15.1926 28.3161 27.1283 11.2239 16.8042 -7.76711 9.87718 22.6644 -18.6264 20.8824 -11.8195 13.2353 44.2789 0.961222 -8.31723 11.832 2.59461 0.293608 -21.126 10.642 1.27436 17.8942 -29.0774 19.0136 
1.23408 2.75996 11.6427 -12.9984 -31.0099 23.0473 -8.22369 -5.57498 15.8137 -12.8553 -0.2977 247.003 -2.18926 14.9544 11.3216 8.21767 46.475 -3.34887 -2.9026 -1.88156 -10.0731 32.4737 -2.01034 -11.9771 -11.2267 6.84451 7.32896 11.2572 -28.3264 -27.1713 -16.3595 34.7123 -10.9617 7.74232 5.20489 14.9503 -0.00374968 -1.02965 -22.0287 0.531086 25.031 24.2613 -33.171 0.0291479 -30.8492 23.333 7.13389 -7.56292 0.561349 13.8816 
-0.0418289 -0.555319 -5.00395 2.04159 -2.34211 -0.771571 5.21907 -2.84947 -23.9236 -23.728 -36.166 -2.18926 208.157 -10.5764 8.98996 -3.00944 -5.28963 11.2325 8.71434 5.35432 15.4656 6.15299 -3.64415 -14.8757 -0.0294106 10.4442 9.32566 -2.39085 3.14603 -3.06323 -27.5672 8.93722 -4.18885 2.95668 -4.30296 -3.20081 -4.60776 -9.07633 1.78309 -10.0664 -1.48672 -11.4928 -15.8538 15.5375 -5.85339 3.35635 11.0207 -24.562 -4.16659 24.3209 
0.420898 25.6842 1.53796 -3.91866 6.87548 -6.60911 14.6979 -1.60575 24.0631 13.8903 -17.7632 14.9544 -10.5764 202.472 -12.9024 -7.78777 23.2514 17.1248 13.1016 -12.222 -26.1581 29.9397 -4.04355 7.02399 -7.402 -17.4293 -4.86248 17.2225 -10.0505 6.35535 -12.9964 0.418238 18.7732 2.95288 -0.12466 4.67776 -8.39615 -12.3429 -10.3388 16.8798 -16.5067 -20.7625 7.45159 0.63893 -19.9683 -1.89746 6.01885 -14.9417 -13.6798 16.7728 
1.28747 -11.2753 -0.842259 -15.9765 -8.02438 -5.36644 14.6706 -0.716906 9.29854 12.9525 -6.69474 11.3216 8.98996 -12.9024 -164.324 -0.203609 4.87754 33.7713 -3.97976 -3.58551 -11.9547 20.7775 -15.8042 1.63584 23.9436 29.0086 -14.6278 -0.328797 -11.8421 9.78285 -8.6689 -2.98607 -14.1749 3.41613 16.2234 14.7175 -19.7752 7.45638 -9.07307 -3.46228 -11.5102 -19.3748 -2.17341 8.19568 10.5289 -13.2407 11.8799 -9.92484 23.5472 -4.25617 
1.94499 -8.85361 6.97772 -1.27458 -14.7955 25.2138 3.44725 1.80772 10.763 14.4095 14.5508 8.21767 -3.00944 -7.78777 -0.203609 193.055 26.0308 9.36392 8.65975 -4.80823 3.69976 9.47514 16.6394 -22.4865 -22.0138 -2.35795 -26.3739 -26.9405 17.4922 -23.3745 14.6027 -38.9428 6.01652 -6.58934 -11.0064 -12.8744 20.1224 16.3634 10.0519 10.1043 -2.34963 -35.8975 -0.600258 21.2579 -3.61784 10.5525 -0.616226 23.6141 9.1825 8.9951 
0.733729 -2.85094 10.819 -1.41509 -0.9522 -16.7117 10.2515 4.08959 4.56719 11.464 17.7106 46.475 -5.28963 23.2514 4.87754 26.0308 -166.808 -16.0834 -13.2643 11.0447 4.73685 -23.1296 -10.8158 33.6755 6.33558 11.0237 12.8638 29.3284 5.78617 17.6646 43.4641 23.3891 -22.4883 3.85366 7.80377 -10.9668 -11.3085 -4.5624 -4.75825 -10.4142 31.0501 24.5807 -6.6448 1.52267 -18.9492 -21.9339 -11.0091 0.168232 3.58264 19.3112 
2.01346 -5.06033 -18.8428 -2.86515 5.19574 -7.77392 32.5923 2.24358 -27.837 3.6963 0.889985 -3.34887 11.2325 17.1248 33.7713 9.36392 -16.0834 172.916 1.87344 -1.0117 -17.8639 15.9654 -20.62 -13.467 13.6481 32.8076 -9.19205 -2.1101 -3.07035 12.997 24.2728 -2.28447 -14.3481 22.1069 -16.8627 -13.2012 -7.88458 16.541 33.2498 18.1413 -6.43694 -30.4121 6.36242 34.3686 -5.88508 -9.46089 4.16425 -23.7601 -15.0968 -6.37568 
-2.14039 0.211353 6.05558 -7.60508 8.94521 1.7847 4.32661 -0.521109 16.441 -18.3604 8.28013 -2.9026 8.71434 13.1016 -3.97976 8.65975 -13.2643 1.87344 -174.123 -8.28032 -14.8358 -23.5602 -1.16199 7.32519 -12.9738 9.57365 -10.1677 -1.66348 12.7811 4.16519 23.6044 -13.7831 -0.18464 0.593852 -4.34881 8.5121 33.776 -3.95514 -9.14069 -14.7498 7.14865 7.07915 14.0513 15.9742 18.572 -16.762 15.9718 4.30115 16.3245 1.86281 
1.55377 -12.8836 -7.43475 9.75284 1.84241 3.72516 -1.83889 4.57137 35.1813 16.6915 -32.7979 -1.88156 5.35432 -12.222 -3.58551 -4.80823 11.0447 -1.0117 -8.28032 224.704 10.2623 -17.8536 10.8072 7.84788 27.1757 -6.78907 -2.72738 -26.364 -13.7267 13.945 29.9641 6.37954 -10.9177 -16.3723 6.79357 -7.7274 11.7891 -8.16527 45.6154 13.4587 23.9407 17.6651 -8.12499 -8.98864 9.44616 -27.0321 -18.7842 8.45533 -7.01688 6.5349 
-0.0687109 -6.7123 -15.3703 -4.97052 -0.385796 1.8473 -0.239003 1.34821 -10.1298 -22.9159 -41.9437 -10.0731 15.4656 -26.1581 -11.9547 3.69976 4.73685 -17.8639 -14.8358 10.2623 149.668 -4.32118 -14.3432 -15.2111 19.3157 37.8226 10.7751 5.84834 -0.936604 -4.63031 -7.87865 13.6664 -18.7156 -19.7376 3.83371 -2.42116 14.2205 13.475 25.1731 -15.583 18.269 -2.42436 -28.0377 8.29442 5.58057 8.55658 13.8532 -1.20295 -16.9221 1.90699 
-0.395595 7.36938 8.85045 -12.9353 -4.60134 3.79198 -8.87362 1.84344 4.85605 5.1831 -7.39205 32.4737 6.15299 29.9397 20.7775 9.47514 -23.1296 15.9654 -23.5602 -17.8536 -4.32118 -138.591 8.36155 -0.38683 -17.8894 -6.4679 25.8952 -20.9899 18.7639 -1.59369 18.266 10.3583 -1.31405 16.0555 -4.54624 7.31598 14.3345 17.4992 10.75 -14.3381 7.07723 4.80168 -13.85 21.3776 -2.67229 -32.4247 -3.35539 12.3111 26.7372 -3.5889 
3.8725 5.09302 10.1187 -5.54945 4.51474 0.880552 12.5142 -3.59805 25.2842 0.625915 15.4794 -2.01034 -3.64415 -4.04355 -15.8042 16.6394 -10.8158 -20.62 -1.16199 10.8072 -14.3432 8.36155 -187.772 23.2356 16.8955 18.9615 -0.599024 2.14461 1.03951 -3.09536 -11.6214 -16.249 -6.23965 -13.3308 -5.71207 1.94735 -0.527131 12.0463 16.1165 11.2775 -25.444 4.69663 -16.833 20.1213 5.74615 -1.7167 -0.256086 -20.9245 19.0384 8.22476 
1.04591 17.1261 -0.629364 8.3406 11.8542 2.39074 -0.401299 -3.64266 -27.5303 2.98307 -7.39642 -11.9771 -14.8757 7.02399 1.63584 -22.4865 33.6755 -13.467 7.32519 7.84788 -15.2111 -0.38683 23.2356 -141.619 -6.24084 2.28091 -11.411 -2.45293 7.63698 -2.60433 -21.9108 -0.0689365 5.82782 4.22933 -20.6941 -1.62308 19.6447 8.17817 25.7914 18.0201 -7.02761 -21.6777 -4.92421 4.87871 2.65291 11.9528 3.35776 -10.6353 -17.1323 12.6673 
1.16252 5.74217 4.20305 -0.700586 -8.70602 3.51526 0.44612 11.2943 -2.20031 -19.1918 -20.2374 -11.2267 -0.0294106 -7.402 23.9436 -22.0138 6.33558 13.6481 -12.9738 27.1757 19.3157 -17.8894 16.8955 -6.24084 -150.115 -24.4942 -5.81986 -20.2627 24.1985 -14.6056 4.9565 4.38197 0.768443 3.64351 -20.7418 -54.5189 5.06407 4.25787 -13.2117 -7.89039 -14.0898 -22.8281 -15.1447 6.85256 -16.5986 5.80524 -2.69087 15.5328 3.00343 8.58114 
0.813678 -0.617488 -3.56267 -0.707744 7.80731 1.82643 -0.612081 -2.06294 -27.692 -12.8665 -19.3848 6.84451 10.4442 -17.4293 29.0086 -2.35795 11.0237 32.8076 9.57365 -6.78907 37.8226 -6.4679 18.9615 2.28091 -24.4942 163.059 -5.68711 0.478459 -12.8878 -6.20045 -19.5989 -5.82987 -13.208 -10.4892 -13.9331 15.4753 10.3101 14.6259 18.0523 4.59412 -24.3803 -21.1604 -3.89935 -0.34289 11.5146 20.056 -0.352694 -2.04579 -39.3344 -0.00266747 
-0.907485 -5.67812 -2.15672 -0.159934 8.4276 0.858173 -6.25477 -4.69969 6.62571 5.49583 15.1926 7.32896 9.32566 -4.86248 -14.6278 -26.3739 12.8638 -9.19205 -10.1677 -2.72738 10.7751 25.8952 -0.599024 -11.411 -5.81986 -5.68711 125.641 15.968 -22.6013 -4.06864 -31.9913 4.81773 -9.75959 -12.1281 -2.30241 23.2219 1.34266 -0.23284 5.93633 0.195801 -7.64368 -4.17193 12.8796 -2.75306 16.9808 -2.55684 28.7468 -6.8771 -18.0555 18.9236 
1.00919 7.01703 3.02843 -4.05018 1.24296 0.175334 7.45427 1.93299 -9.97306 -27.3867 28.3161 11.2572 -2.39085 17.2225 -0.328797 -26.9405 29.3284 -2.1101 -1.66348 -26.364 5.84834 -20.9899 2.14461 -2.45293 -20.2627 0.478459 15.968 -128.426 21.1713 3.6888 -3.63947 -23.8665 -5.69497 -11.0974 -12.1451 -12.1659 2.45293 6.28756 3.1332 -0.859646 -41.8896 -3.87793 -6.43812 -6.81863 3.2783 21.4641 5.28429 4.33156 -6.84153 -8.04097 
0.36249 8.16198 0.833606 3.32893 -2.25137 1.74995 5.51206 1.09414 -10.5579 -8.15063 27.1283 -28.3264 3.14603 -10.0505 -11.8421 17.4922 5.78617 -3.07035 12.7811 -13.7267 -0.936604 18.7639 1.03951 7.63698 24.1985 -12.8878 -22.6013 21.1713 172.315 2.42717 2.54278 -0.062274 10.3634 21.1727 -19.6427 -32.477 1.07464 4.17515 -19.8957 8.59462 7.76188 -7.5204 -4.09112 11.6348 -23.8843 11.4595 -7.40694 -1.85659 0.162405 -9.43726 
-1.64483 0.0214177 -2.08663 3.94719 -2.02505 -11.6945 -0.582625 -1.16355 -4.691 -20.0734 11.2239 -27.1713 -3.06323 6.35535 9.78285 -23.3745 17.6646 12.997 4.16519 13.945 -4.63031 -1.59369 -3.09536 -2.60433 -14.6056 -6.20045 -4.06864 3.6888 2.42717 126.418 18.9159 17.0129 10.9145 12.7052 15.229 13.9024 -25.8474 -18.1781 18.5415 11.1277 -5.96201 37.1698 27.894 -19.9004 -0.574307 -14.1571 -1.69928 13.7345 10.9306 -19.5275 
0.131341 1.12634 0.121754 -8.08509 -1.16317 -10.053 2.33073 1.04035 13.9683 -2.7663 16.8042 -16.3595 -27.5672 -12.9964 -8.6689 14.6027 43.4641 24.2728 23.6044 29.9641 -7.87865 18.266 -11.6214 -21.9108 4.9565 -19.5989 -31.9913 -3.63947 2.54278 18.9159 -134.485 17.2875 -21.7961 9.68169 -3.1744 6.42274 -22.6144 13.9854 -7.26876 -7.90859 -13.3387 -6.39556 -4.74176 1.05452 9.48932 2.93668 17.4592 -5.49294 -18.7321 5.23903 
-0.363811 -0.297199 -4.37042 0.76452 3.11195 3.8103 1.07973 -0.243395 19.0145 -22.2237 -7.76711 34.7123 8.93722 0.418238 -2.98607 -38.9428 23.3891 -2.28447 -13.7831 6.37954 13.6664 10.3583 -16.249 -0.0689365 4.38197 -5.82987 4.81773 -23.8665 -0.062274 17.0129 17.2875 -157.577 6.89288 -19.3752 4.75471 7.48982 1.37834 6.78885 15.6734 10.4384 -12.3227 -15.59 -3.56409 6.33777 6.814 -6.66116 26.0127 -7.2957 -8.10213 -4.55085 
0.754228 -2.12236 -4.48446 7.12798 5.42937 -1.4378 1.56923 3.49968 -24.9466 -13.7313 9.87718 -10.9617 -4.18885 18.7732 -14.1749 6.01652 -22.4883 -14.3481 -0.18464 -10.9177 -18.7156 -1.31405 -6.23965 5.82782 0.768443 -13.208 -9.75959 -5.69497 10.3634 10.9145 -21.7961 6.89288 -66.6798 -23.8438 -3.49762 1.254 -7.16282 -7.71918 24.2224 7.20806 -3.73947 -0.991018 -9.02866 -4.03175 6.808 -16.0192 -3.20121 -11.4262 -33.7964 25.1732 
1.04671 8.76137 10.0497 -2.40237 2.87659 -6.99485 0.734986 2.1341 2.00457 -7.50086 22.6644 7.74232 2.95668 2.95288 3.41613 -6.58934 3.85366 22.1069 0.593852 -16.3723 -19.7376 16.0555 -13.3308 4.22933 3.64351 -10.4892 -12.1281 -11.0974 21.1727 12.7052 9.68169 -19.3752 -23.8438 -72.0061 -22.1069 6.49216 -9.09228 -16.636 11.0103 -26.395 -43.6139 0.291703 -30.3875 12.4515 -5.98867 9.96985 -28.1393 6.26691 -4.72459 32.7834 
-0.640477 1.37017 6.04337 -10.5205 -2.06597 -3.48476 -3.58775 -2.31086 -22.5605 -2.64304 -18.6264 5.20489 -4.30296 -0.12466 16.2234 -11.0064 7.80377 -16.8627 -4.34881 6.79357 3.83371 -4.54624 -5.71207 -20.6941 -20.7418 -13.9331 -2.30241 -12.1451 -19.6427 15.229 -3.1744 4.75471 -3.49762 -22.1069 131.986 17.2904 -18.7941 -20.3293 -18.3844 -7.84058 -26.6513 16.3111 -3.33663 -12.6909 23.4275 -7.63893 22.3206 -4.19108 24.703 -6.59061 
0.258969 2.00155 -0.445326 7.85362 2.00755 1.19462 0.329439 0.225621 2.92586 3.60093 20.8824 14.9503 -3.20081 4.67776 14.7175 -12.8744 -10.9668 -13.2012 8.5121 -7.7274 -2.42116 7.31598 1.94735 -1.62308 -54.5189 15.4753 23.2219 -12.1659 -32.477 13.9024 6.42274 7.48982 1.254 6.49216 17.2904 -72.1776 0.303753 13.5308 24.1378 2.46187 16.7332 -4.78644 -21.7731 12.9607 -6.76005 -3.09823 -17.2778 5.95438 -14.5743 5.94313 
-0.136605 -3.98218 -2.00043 1.08349 0.090181 0.152106 -3.05493 1.41131 -2.61892 -1.62626 -11.8195 -0.00374968 -4.60776 -8.39615 -19.7752 20.1224 -11.3085 -7.88458 33.776 11.7891 14.2205 14.3345 -0.527131 19.6447 5.06407 10.3101 1.34266 2.45293 1.07464 -25.8474 -22.6144 1.37834 -7.16282 -9.09228 -18.7941 0.303753 -43.8219 -12.2155 5.30342 -5.71945 0.0372551 -1.14096 8.05442 -11.5077 10.1222 -5.2056 -8.44839 7.74258 -9.06533 -5.35545 
-0.500753 -6.24446 -1.78395 1.46568 1.46053 -4.29173 3.20113 1.17334 4.99712 2.58136 13.2353 -1.02965 -9.07633 -12.3429 7.45638 16.3634 -4.5624 16.541 -3.95514 -8.16527 13.475 17.4992 12.0463 8.17817 4.25787 14.6259 -0.23284 6.28756 4.17515 -18.1781 13.9854 6.78885 -7.71918 -16.636 -20.3293 13.5308 -12.2155 -20.1819 -4.18848 9.72862 -9.70127 19.9096 25.0818 -11.17 -12.7881 -2.70765 -0.853614 -1.1415 -11.3144 2.96183 
0.10421 1.53721 -2.942 5.06055 2.81 -0.989754 1.25557 -0.486887 21.7331 -22.1774 44.2789 -22.0287 1.78309 -10.3388 -9.07307 10.0519 -4.75825 33.2498 -9.14069 45.6154 25.1731 10.75 16.1165 25.7914 -13.2117 18.0523 5.93633 3.1332 -19.8957 18.5415 -7.26876 15.6734 24.2224 11.0103 -18.3844 24.1378 5.30342 -4.18848 144.96 8.41013 8.92152 4.78708 4.40613 -1.12422 -0.597337 -2.81102 -6.04583 -16.2711 -14.5644 4.34924 
-0.487907 -3.01759 -3.4207 1.22066 -1.26272 -1.32654 -5.57482 2.22998 -5.09988 15.8785 0.961222 0.531086 -10.0664 16.8798 -3.46228 10.1043 -10.4142 18.1413 -14.7498 13.4587 -15.583 -14.3381 11.2775 18.0201 -7.89039 4.59412 0.195801 -0.859646 8.59462 11.1277 -7.90859 10.4384 7.20806 -26.395 -7.84058 2.46187 -5.71945 9.72862 8.41013 -6.0461 -2.13297 -6.29854 18.1382 -23.8834 8.48965 12.1557 -13.7799 31.8047 -9.90492 -26.2031 
-0.344259 -2.273 0.375865 1.91596 -2.57475 -1.6297 -1.10348 1.90909 4.26124 -9.9999 -8.31723 25.031 -1.48672 -16.5067 -11.5102 -2.34963 31.0501 -6.43694 7.14865 23.9407 18.269 7.07723 -25.444 -7.02761 -14.0898 -24.3803 -7.64368 -41.8896 7.76188 -5.96201 -13.3387 -12.3227 -3.73947 -43.6139 -26.6513 16.7332 0.0372551 -9.70127 8.92152 -2.13297 113.898 19.7624 -0.68679 -11.7607 -16.095 -0.166255 -21.711 11.391 -6.55152 5.11685 
-0.0459744 1.24385 0.84426 0.295884 0.66378 -0.00325584 -0.0628126 -0.250136 11.6829 -8.28906 11.832 24.2613 -11.4928 -20.7625 -19.3748 -35.8975 24.5807 -30.4121 7.07915 17.6651 -2.42436 4.80168 4.69663 -21.6777 -22.8281 -21.1604 -4.17193 -3.87793 -7.5204 37.1698 -6.39556 -15.59 -0.991018 0.291703 16.3111 -4.78644 -1.14096 19.9096 4.78708 -6.29854 19.7624 -79.4588 2.7545 3.94008 1.4051 -1.90723 5.03702 -0.57273 3.53741 2.77847 
-0.128238 4.33086 0.637067 0.533284 1.77707 -0.0275553 3.12194 -1.39295 -1.76667 7.9448 2.59461 -33.171 -15.8538 7.45159 -2.17341 -0.600258 -6.6448 6.36242 14.0513 -8.12499 -28.0377 -13.85 -16.833 -4.92421 -15.1447 -3.89935 12.8796 -6.43812 -4.09112 27.894 -4.74176 -3.56409 -9.02866 -30.3875 -3.33663 -21.7731 8.05442 25.0818 4.40613 18.1382 -0.68679 2.7545 52.9369 18.1381 1.31362 -5.00122 14.5655 -13.8673 6.5655 15.9014 
0.380268 6.3 1.00733 -1.45845 0.39711 0.782176 0.13982 -1.93319 -8.79632 -17.3298 0.293608 0.0291479 15.5375 0.63893 8.19568 21.2579 1.52267 34.3686 15.9742 -8.98864 8.29442 21.3776 20.1213 4.87871 6.85256 -0.34289 -2.75306 -6.81863 11.6348 -19.9004 1.05452 6.33777 -4.03175 12.4515 -12.6909 12.9607 -11.5077 -11.17 -1.12422 -23.8834 -11.7607 3.94008 18.1381 77.4245 5.81852 1.4378 14.6285 -18.3386 9.35567 -2.30075 
-0.504299 -0.207563 -1.45926 0.554617 -0.269066 0.851123 0.651811 0.277066 -17.9193 -0.733832 -21.126 -30.8492 -5.85339 -19.9683 10.5289 -3.61784 -18.9492 -5.88508 18.572 9.44616 5.58057 -2.67229 5.74615 2.65291 -16.5986 11.5146 16.9808 3.2783 -23.8843 -0.574307 9.48932 6.814 6.808 -5.98867 23.4275 -6.76005 10.1222 -12.7881 -0.597337 8.48965 -16.095 1.4051 1.31362 5.81852 79.6264 -6.95605 14.3146 -1.98913 -5.00006 -0.359504 
0.17089 1.95951 1.51195 -0.560566 -0.284078 0.43058 -0.422399 -0.525326 -13.6854 -12.0671 10.642 23.333 3.35635 -1.89746 -13.2407 10.5525 -21.9339 -9.46089 -16.762 -27.0321 8.55658 -32.4247 -1.7167 11.9528 5.80524 20.056 -2.55684 21.4641 11.4595 -14.1571 2.93668 -6.66116 -16.0192 9.96985 -7.63893 -3.09823 -5.2056 -2.70765 -2.81102 12.1557 -0.166255 -1.90723 -5.00122 1.4378 -6.95605 -36.8123 5.2941 -5.35086 4.07632 0.678188 
0.132719 -2.50193 1.1074 -0.662473 -0.142217 -0.528353 -0.194714 0.0308649 9.35388 6.60066 1.27436 7.13389 11.0207 6.01885 11.8799 -0.616226 -11.0091 4.16425 15.9718 -18.7842 13.8532 -3.35539 -0.256086 3.35776 -2.69087 -0.352694 28.7468 5.28429 -7.40694 -1.69928 17.4592 26.0127 -3.20121 -28.1393 22.3206 -17.2778 -8.44839 -0.853614 -6.04583 -13.7799 -21.711 5.03702 14.5655 14.6285 14.3146 5.2941 -43.3237 -0.205452 -0.188914 0.666966 
-0.226165 -2.04096 -0.3042 -0.988326 0.22903 0.621679 0.395742 -0.0505961 -4.30246 5.35915 17.8942 -7.56292 -24.562 -14.9417 -9.92484 23.6141 0.168232 -23.7601 4.30115 8.45533 -1.20295 12.3111 -20.9245 -10.6353 15.5328 -2.04579 -6.8771 4.33156 -1.85659 13.7345 -5.49294 -7.2957 -11.4262 6.26691 -4.19108 5.95438 7.74258 -1.1415 -16.2711 31.8047 11.391 -0.57273 -13.8673 -18.3386 -1.98913 -5.35086 -0.205452 94.0244 1.09335 -0.105445 
0.391467 -0.629905 1.2749 -1.33716 -1.18852 0.962006 -0.38376 0.0305092 -39.1252 -0.497555 -29.0774 0.561349 -4.16659 -13.6798 23.5472 9.1825 3.58264 -15.0968 16.3245 -7.01688 -16.9221 26.7372 19.0384 -17.1323 3.00343 -39.3344 -18.0555 -6.84153 0.162405 10.9306 -18.7321 -8.10213 -33.7964 -4.72459 24.703 -14.5743 -9.06533 -11.3144 -14.5644 -9.90492 -6.55152 3.53741 6.5655 9.35567 -5.00006 4.07632 -0.188914 1.09335 9.73355 0.610796 
0.000547135 1.83703 -0.732543 0.514328 1.12265 -0.899779 0.518598 0 4.24016 5.18189 19.0136 13.8816 24.3209 16.7728 -4.25617 8.9951 19.3112 -6.37568 1.86281 6.5349 1.90699 -3.5889 8.22476 12.6673 8.58114 -0.00266747 18.9236 -8.04097 -9.43726 -19.5275 5.23903 -4.55085 25.1732 32.7834 -6.59061 5.94313 -5.35545 2.96183 4.34924 -26.2031 5.11685 2.77847 15.9014 -2.30075 -0.359504 0.678188 0.666966 -0.105445 0.610796 33.2658 
