2552.21 -0.916093 -1.86955 0.748459 0.227647 -2.42835 -1.90751 0.410837 0.769306 0.746456 -2.4288 1.55616 0.579703 -0.0153993 1.46792 1.59781 0.143255 2.04216 -2.52612 1.41076 0.320265 -0.460306 3.27947 1.54353 1.5485 1.23589 -0.953385 0.810446 0.310084 -1.63844 0.0986133 -0.351421 0.651078 0.78558 -0.497755 0.0725365 -0.0280018 -0.62158 -0.124229 -0.5826 -0.309979 0.00865366 -0.21861 0.514169 -0.357047 0.0845593 0.0481152 -0.400284 0.706783 -0.0993257 
-0.916093 -296.603 -24.2803 -27.0255 -17.4121 7.34879 -1.61134 24.8108 6.17093 -20.9213 17.6269 0.307426 -8.51216 25.931 -13.1269 -7.02634 1.38739 -2.18409 2.65793 -13.0944 -11.2226 7.53808 8.7249 14.6955 2.30609 -3.25367 -5.99856 8.00601 10.0917 -0.0228088 1.38392 -2.08095 -0.731918 10.6714 0.811238 2.89781 -4.85559 -5.32114 1.05258 -1.24931 -4.32632 -0.438521 6.69121 4.97085 0.273926 2.09895 -2.15326 0.175049 -1.5968 1.98203 
-1.86955 -24.2803 -319.779 2.82557 8.63101 -2.19048 -5.12253 10.6299 -0.344976 3.22062 -7.05539 15.5001 -3.566 -1.92559 -1.07825 5.26268 10.7148 -19.2948 5.7168 -7.11848 -14.7998 8.74589 8.71942 0.627952 5.29552 -2.75897 -2.22286 2.44654 0.464296 -2.10382 0.0920669 -4.16468 -4.88252 9.26476 6.3828 -0.951756 -1.66859 -2.15317 -3.34021 -3.77911 0.714955 1.17935 0.236372 1.34138 -1.27829 1.21645 0.883793 -0.85117 1.97655 -0.932168 
0.748459 -27.0255 2.82557 278.548 -15.6399 15.6601 3.86741 9.49102 4.77517 16.6219 -34.8869 -11.1935 9.85506 -1.59432 -12.0323 -3.1497 -11.489 -4.05026 -14.2617 9.26017 1.695 -14.0507 -14.6007 14.6799 4.89256 4.44776 -0.548806 -6.78696 1.80079 3.9892 -8.43028 1.68732 5.27174 -6.08418 -8.84137 5.47168 2.63021 -0.245181 2.76814 -0.48949 3.19035 1.63325 -1.3583 0.473517 1.89844 -1.68072 -1.74104 -3.7989 2.48963 -0.645648 
0.227647 -17.4121 8.63101 -15.6399 -301.294 13.9393 -4.0269 -3.93282 -12.5431 1.5365 8.92323 -27.5003 -9.96292 16.1762 -8.72623 -10.7028 2.67425 3.51731 11.528 3.52759 -1.94706 -3.99767 7.62924 9.24871 -10.3621 5.31 9.04431 2.44706 -2.94762 -2.14728 -0.860849 3.8999 5.49218 3.98517 -3.0466 2.977 -0.299552 1.90545 4.76549 -1.21815 -1.78292 1.17521 1.51771 -0.290814 -1.77029 -0.126933 0.261148 0.687778 -3.19208 1.84004 
-2.42835 7.34879 -2.19048 15.6601 13.9393 -249.016 15.1481 7.66192 21.3005 7.33533 -2.47636 21.1968 10.4986 -17.4033 -5.18121 20.148 -19.4058 -5.09145 0.467345 -2.45885 5.30174 3.33849 -1.63902 3.82932 4.53069 7.19884 0.581504 0.711651 3.29501 -11.067 -11.2391 3.47428 -0.676993 -7.19723 -2.34765 0.724021 0.356564 -4.45882 -2.21792 -1.94397 -2.49837 -0.767689 -0.596358 2.36664 2.39961 1.74214 -0.596969 -0.322003 2.61972 -1.49833 
-1.90751 -1.61134 -5.12253 3.86741 -4.0269 15.1481 -263.683 -10.3824 -6.0447 -0.252727 6.96613 -4.05605 0.661242 17.1444 13.2963 4.82087 13.9269 32.3495 6.73558 -1.2076 -1.92449 -8.37667 15.3382 -2.32807 -0.918612 -2.1623 -5.90936 8.37947 5.34616 -0.635561 2.48323 1.40026 1.76506 1.58259 -4.18051 0.988065 -3.36197 3.54383 2.35869 -5.43413 -0.851356 0.0563873 3.13822 -0.304804 -0.149958 -0.228756 0.084302 0.806694 -1.62205 0.946639 
0.410837 24.8108 10.6299 9.49102 -3.93282 7.66192 -10.3824 -333.998 6.44144 11.4227 1.79386 -3.87544 1.32146 -3.28239 -0.954916 0.632006 4.04935 2.55627 -0.213865 1.31319 3.56755 1.90662 -3.76724 -4.03673 11.4171 0.563715 -4.38251 3.21078 1.48676 -0.744396 0.265948 0.454311 3.94341 2.50596 -2.04581 0.44034 1.43743 1.21089 0.195875 1.38291 2.25994 -0.136359 -2.54432 -0.910901 0.258586 0.675723 0.233872 -0.89869 -0.0262927 0.0549126 
0.769306 6.17093 -0.344976 4.77517 -12.5431 21.3005 -6.0447 6.44144 373.69 8.1989 9.049 4.80871 5.70589 -11.0329 -16.4345 -7.12324 8.04797 0.698222 -5.42111 3.67173 -0.537347 2.83646 -6.80945 -2.10171 0.339638 4.35852 2.09172 -3.37051 0.348325 4.17717 -0.227034 -0.443568 6.30741 1.33002 -4.61353 4.73776 0.5069 2.87244 3.03496 -0.919267 3.61402 -0.584511 -1.68833 -0.864195 0.20666 0.971221 0.473723 -0.317879 -1.22585 0.458506 
0.746456 -20.9213 3.22062 16.6219 1.5365 7.33533 -0.252727 11.4227 8.1989 313.029 6.70122 -0.179017 -4.27302 0.61905 -0.496688 5.28772 -4.77002 -4.85849 6.46766 -5.54163 -14.357 1.00541 -3.21503 -4.34924 6.64164 0.0101376 -1.68833 5.4975 -0.671842 4.33811 -2.19805 0.980585 -2.14721 -3.83726 3.51112 -4.90072 1.80583 3.72943 0.578954 5.45272 0.618342 0.313635 -2.49817 -1.02291 -0.396897 0.189177 0.241215 0.315666 -0.784983 0.245619 
-2.4288 17.6269 -7.05539 -34.8869 8.92323 -2.47636 6.96613 1.79386 9.049 6.70122 -281.854 -13.4064 -1.02024 -9.00185 13.7408 -14.3814 6.49569 -6.0179 -1.18701 15.7329 5.6558 -1.98469 3.83099 -3.49429 5.61417 -5.57067 -4.8353 -4.44979 -1.92881 -1.83686 -3.74227 -1.31274 -3.94865 -5.45009 4.9857 -4.88153 0.341993 -1.91265 -1.02744 -2.40209 -0.637598 0.845157 0.608434 1.69656 -0.475158 -0.0164254 -0.198423 -0.0903333 -0.00577328 0 
1.55616 0.307426 15.5001 -11.1935 -27.5003 21.1968 -4.05605 -3.87544 4.80871 -0.179017 -13.4064 244.636 0.878461 -1.89642 -0.193534 0 50.9358 10.4738 -10.0881 -11.4371 -18.9102 36.6966 -10.2658 0.602497 -16.4116 6.22534 0.404584 5.7223 -25.6911 -28.2869 -17.5898 14.0491 -1.38126 2.60057 9.91519 12.6317 1.10536 -2.40176 -33.7166 12.1004 13.8266 7.7641 -23.2352 -0.708153 -26.5996 20.3841 5.48663 -3.29559 10.6187 14.5525 
0.579703 -8.51216 -3.566 9.85506 -9.96292 10.4986 0.661242 1.32146 5.70589 -4.27302 -1.02024 0.878461 198.204 0.955171 15.2454 3.07339 1.87944 6.64282 4.33443 17.6142 8.0871 11.1047 0.00176466 -17.7787 -5.50601 3.83327 10.8538 -13.7925 -5.12123 -12.644 -26.7155 7.4274 -13.7771 -0.307952 -6.70469 -1.81789 -4.37967 -7.78381 -6.75303 -5.23289 -1.67953 -10.5812 -15.0659 7.54381 -9.09379 -1.9262 14.2918 -23.4965 -8.1206 24.3629 
-0.0153993 25.931 -1.92559 -1.59432 16.1762 -17.4033 17.1444 -3.28239 -11.0329 0.61905 -9.00185 -1.89642 0.955171 192.648 -17.1131 -13.9415 5.55432 20.4228 13.9382 -13.8661 -13.1855 19.0449 -9.09895 12.3541 1.16288 -11.3202 -8.10753 16.9071 -1.2626 15.8624 -12.4812 -5.55981 24.3054 0.0104357 2.46371 -2.34272 -6.7654 -14.3689 -5.31415 12.4326 -19.5437 -26.526 12.0355 6.12313 -8.53783 -4.92164 2.20908 -16.1621 -6.56955 12.1875 
1.46792 -13.1269 -1.07825 -12.0323 -8.72623 -5.18121 13.2963 -0.954916 -16.4345 -0.496688 13.7408 -0.193534 15.2454 -17.1131 -163.929 -1.66457 2.15601 33.1577 -4.72185 0.22884 -7.40558 20.5272 -16.9794 1.91229 25.5054 29.0394 -15.7765 -2.2599 -14.0571 9.08251 -9.41227 -2.39285 -14.6344 2.28716 17.095 13.2989 -18.8729 6.7248 -11.1491 -3.53739 -10.2626 -20.0457 -2.0908 7.45419 11.705 -14.2174 11.8075 -10.5222 24.1253 -5.48876 
1.59781 -7.02634 5.26268 -3.1497 -10.7028 20.148 4.82087 0.632006 -7.12324 5.28772 -14.3814 0 3.07339 -13.9415 -1.66457 190.913 18.7568 9.56836 9.50467 -6.87097 8.97668 4.25775 14.3534 -19.798 -16.4423 1.0029 -26.6798 -25.744 21.5378 -18.6784 15.3693 -38.5082 7.4824 -7.03635 -10.4798 -15.0714 20.5032 15.6529 14.8742 6.2085 -1.94748 -35.079 -0.872443 24.5445 -0.217968 10.1149 -2.478 22.3997 11.247 7.72294 
0.143255 1.38739 10.7148 -11.489 2.67425 -19.4058 13.9269 4.04935 8.04797 -4.77002 6.49569 50.9358 1.87944 5.55432 2.15601 18.7568 -163.546 -13.2991 -11.3069 1.03514 -4.00763 -24.022 -7.83368 30.6265 1.03972 8.06531 16.1834 36.548 12.2343 20.5235 44.6401 20.6509 -18.5981 9.72658 4.26662 -5.35367 -14.5753 -1.57569 5.00672 -9.97136 27.2851 25.0604 -5.36653 1.99879 -21.9037 -18.4891 -10.0978 3.92021 -1.63465 23.2442 
2.04216 -2.18409 -19.2948 -4.05026 3.51731 -5.09145 32.3495 2.55627 0.698222 -4.85849 -6.0179 10.4738 6.64282 20.4228 33.1577 9.56836 -13.2991 169.178 5.07456 1.9921 -19.7121 18.1898 -17.1571 -17.4227 13.2023 28.451 -8.17267 -0.969676 -5.27665 12.1048 25.9018 2.36412 -16.7765 23.3561 -19.7627 -11.6396 -8.44746 17.0123 35.8825 17.3732 -5.06045 -27.4113 4.76547 33.3769 -10.1786 -10.1883 5.28509 -24.1817 -20.2636 -5.11248 
-2.52612 2.65793 5.7168 -14.2617 11.528 0.467345 6.73558 -0.213865 -5.42111 6.46766 -1.18701 -10.0881 4.33443 13.9382 -4.72185 9.50467 -11.3069 5.07456 -173.019 -14.2796 -21.9699 -23.5348 0.360284 5.8403 -15.7775 6.78828 -8.18102 1.04942 16.5609 5.4443 23.7635 -16.8651 2.18904 3.51999 -7.02951 12.0461 31.5258 -1.82263 -2.11874 -13.7931 3.85126 6.95776 14.7395 15.8819 16.0991 -14.5287 16.5485 6.53732 11.907 4.4099 
1.41076 -13.0944 -7.11848 9.26017 3.52759 -2.45885 -1.2076 1.31319 3.67173 -5.54163 15.7329 -11.4371 17.6142 -13.8661 0.22884 -6.87097 1.03514 1.9921 -14.2796 218.823 19.5468 -19.7992 3.61919 11.7195 30.5057 3.42368 -3.85123 -21.0217 -11.2562 16.4066 24.5288 7.77873 -5.77662 -14.3969 11.6234 -9.35299 12.1171 -9.48036 41.3211 10.5966 24.8315 15.4104 -9.41858 -3.6497 14.7134 -21.7757 -19.83 5.9409 1.90222 4.47799 
0.320265 -11.2226 -14.7998 1.695 -1.94706 5.30174 -1.92449 3.56755 -0.537347 -14.357 5.6558 -18.9102 8.0871 -13.1855 -7.40558 8.97668 -4.00763 -19.7121 -21.9699 19.5468 148.922 -4.92495 -12.8359 -13.6242 18.188 32.9631 9.01424 -1.47806 -3.92271 -6.88173 -3.7973 9.74061 -21.7979 -22.4118 3.21789 -3.96076 15.342 13.3838 21.5133 -11.6016 17.1601 -4.68904 -23.2872 3.76554 7.2613 2.29456 13.4947 1.39829 -16.7845 0.502785 
-0.460306 7.53808 8.74589 -14.0507 -3.99767 3.33849 -8.37667 1.90662 2.83646 1.00541 -1.98469 36.6966 11.1047 19.0449 20.5272 4.25775 -24.022 18.1898 -23.5348 -19.7992 -4.92495 -138.687 8.16234 -0.0795292 -17.8726 -5.99192 26.0761 -20.8994 19.631 -1.2624 17.9736 9.45026 -0.776338 16.0631 -4.48563 7.40152 14.079 17.6648 11.1518 -14.1126 6.0908 4.34741 -13.4459 21.5091 -2.0563 -32.2885 -3.56766 12.5856 26.9838 -3.42934 
3.27947 8.7249 8.71942 -14.6007 7.62924 -1.63902 15.3382 -3.76724 -6.80945 -3.21503 3.83099 -10.2658 0.00176466 -9.09895 -16.9794 14.3534 -7.83368 -17.1571 0.360284 3.61919 -12.8359 8.16234 -186.039 19.3577 13.5423 16.1109 2.50613 8.23495 6.03173 -0.895756 -12.5583 -17.9074 -2.44195 -8.28413 -8.7863 6.91777 -4.25351 14.8481 26.1206 11.8227 -28.1733 4.75411 -16.9512 19.5702 2.2467 2.75878 0.365334 -17.4459 12.108 11.4468 
1.54353 14.6955 0.627952 14.6799 9.24871 3.82932 -2.32807 -4.03673 -2.10171 -4.34924 -3.49429 0.602497 -17.7787 12.3541 1.91229 -19.798 30.6265 -17.4227 5.8403 11.7195 -13.6242 -0.0795292 19.3577 -138.505 -3.01547 5.31131 -13.3885 -5.57657 3.47623 -4.23495 -21.5354 2.30118 2.79762 0.628617 -18.1411 -5.1247 22.1193 6.12765 17.9282 16.8502 -4.51923 -20.5255 -5.92936 5.99124 5.05026 8.434 2.85118 -13.7792 -10.9359 10.1673 
1.5485 2.30609 5.29552 4.89256 -10.3621 4.53069 -0.918612 11.4171 0.339638 6.64164 5.61417 -16.4116 -5.50601 1.16288 25.5054 -16.4423 1.03972 13.2023 -15.7775 30.5057 18.188 -17.8726 13.5423 -3.01547 -148.202 -21.6102 -7.5274 -23.4612 21.4014 -15.5896 5.44628 3.95155 -1.06191 0.604026 -17.9394 -56.6723 6.43841 2.88298 -19.133 -8.22163 -12.8222 -22.6642 -15.0874 7.38744 -14.1305 3.17424 -3.02397 13.4384 7.75698 6.434 
1.23589 -3.25367 -2.75897 4.44776 5.31 7.19884 -2.1623 0.563715 4.35852 0.0101376 -5.57067 6.22534 3.83327 -11.3202 29.0394 1.0029 8.06531 28.451 6.78828 3.42368 32.9631 -5.99192 16.1109 5.31131 -21.6102 155.032 -6.3002 -6.37181 -16.6345 -8.04959 -13.5853 -7.63546 -17.2964 -12.6391 -15.5762 15.504 10.4891 14.1563 17.0801 8.17657 -24.169 -19.1635 -1.0369 -4.85387 9.93182 12.6865 -0.571022 -0.699727 -41.0971 -0.203688 
-0.953385 -5.99856 -2.22286 -0.548806 9.04431 0.581504 -5.90936 -4.38251 2.09172 -1.68833 -4.8353 0.404584 10.8538 -8.10753 -15.7765 -26.6798 16.1834 -8.17267 -8.18102 -3.85123 9.01424 26.0761 2.50613 -13.3885 -7.5274 -6.3002 125.623 15.4284 -21.5874 -3.94448 -31.8779 2.82207 -9.14278 -11.8534 -2.63062 23.2034 1.06994 0.131338 5.96139 1.32279 -9.075 -5.42102 13.9755 -3.12876 17.3836 -2.57094 28.5286 -6.09837 -17.9282 18.8075 
0.810446 8.00601 2.44654 -6.78696 2.44706 0.711651 8.37947 3.21078 -3.37051 5.4975 -4.44979 5.7223 -13.7925 16.9071 -2.2599 -25.744 36.548 -0.969676 1.04942 -21.0217 -1.47806 -20.8994 8.23495 -5.57657 -23.4612 -6.37181 15.4284 -128.886 23.5013 3.9223 -2.06266 -26.0934 -4.66426 -9.04154 -15.019 -10.7534 1.07931 7.78124 8.58596 1.22273 -43.3351 -4.58807 -5.53018 -8.649 0.505352 21.5437 5.20954 6.92067 -11.5542 -6.08313 
0.310084 10.0917 0.464296 1.80079 -2.94762 3.29501 5.34616 1.48676 0.348325 -0.671842 -1.92881 -25.6911 -5.12123 -1.2626 -14.0571 21.5378 12.2343 -5.27665 16.5609 -11.2562 -3.92271 19.631 6.03173 3.47623 21.4014 -16.6345 -21.5874 23.5013 171.698 2.26374 3.95195 2.65197 9.32634 21.8533 -21.3192 -31.4226 0.667988 4.34133 -16.3032 8.07718 9.23811 -5.13202 -5.3008 10.5837 -26.8875 10.913 -6.9344 -1.24958 -3.58889 -7.84354 
-1.63844 -0.0228088 -2.10382 3.9892 -2.14728 -11.067 -0.635561 -0.744396 4.17717 4.33811 -1.83686 -28.2869 -12.644 15.8624 9.08251 -18.6784 20.5235 12.1048 5.4443 16.4066 -6.88173 -1.2624 -0.895756 -4.23495 -15.5896 -8.04959 -3.94448 3.9223 2.26374 126.277 19.7284 16.6874 10.6985 12.6454 14.8218 13.9975 -25.929 -18.2119 18.705 11.7697 -6.12413 37.2433 28.4816 -20.311 -0.67489 -14.8416 -1.78475 13.8264 10.6407 -19.2846 
0.0986133 1.38392 0.0920669 -8.43028 -0.860849 -11.2391 2.48323 0.265948 -0.227034 -2.19805 -3.74227 -17.5898 -26.7155 -12.4812 -9.41227 15.3693 44.6401 25.9018 23.7635 24.5288 -3.7973 17.9736 -12.5583 -21.5354 5.44628 -13.5853 -31.8779 -2.06266 3.95195 19.7284 -136.07 17.8024 -21.0935 9.75625 -2.31521 6.00753 -22.2884 13.7625 -8.54693 -8.86702 -13.4133 -6.68852 -5.5272 2.3324 10.3996 4.36383 17.3662 -6.33192 -17.0587 4.4812 
-0.351421 -2.08095 -4.16468 1.68732 3.8999 3.47428 1.40026 0.454311 -0.443568 0.980585 -1.31274 14.0491 7.4274 -5.55981 -2.39285 -38.5082 20.6509 2.36412 -16.8651 7.77873 9.74061 9.45026 -17.9074 2.30118 3.95155 -7.63546 2.82207 -26.0934 2.65197 16.6874 17.8024 -161.46 7.75343 -19.3213 4.83233 7.03055 1.04479 7.16802 14.5124 12.45 -14.0106 -17.7553 -1.4704 5.66424 8.01974 -7.62176 25.3314 -6.25899 -6.78865 -5.08474 
0.651078 -0.731918 -4.88252 5.27174 5.49218 -0.676993 1.76506 3.94341 6.30741 -2.14721 -3.94865 -1.38126 -13.7771 24.3054 -14.6344 7.4824 -18.5981 -16.7765 2.18904 -5.77662 -21.7979 -0.776338 -2.44195 2.79762 -1.06191 -17.2964 -9.14278 -4.66426 9.32634 10.6985 -21.0935 7.75343 -66.8425 -22.5534 -5.21929 2.64797 -7.88462 -6.96684 27.5141 7.52488 -3.78569 -0.40898 -9.10937 -4.94251 4.98079 -15.851 -2.78267 -10.2824 -36.7827 26.3299 
0.78558 10.6714 9.26476 -6.08418 3.98517 -7.19723 1.58259 2.50596 1.33002 -3.83726 -5.45009 2.60057 -0.307952 0.0104357 2.28716 -7.03635 9.72658 23.3561 3.51999 -14.3969 -22.4118 16.0631 -8.28413 0.628617 0.604026 -12.6391 -11.8534 -9.04154 21.8533 12.6454 9.75625 -19.3213 -22.5534 -69.5432 -24.147 8.00185 -10.0539 -15.2111 15.5603 -25.6042 -44.2789 -0.149322 -30.0422 11.5049 -7.96749 11.0717 -27.8953 8.38523 -8.48097 34.22 
-0.497755 0.811238 6.3828 -8.84137 -3.0466 -2.34765 -4.18051 -2.04581 -4.61353 3.51112 4.9857 9.91519 -6.70469 2.46371 17.095 -10.4798 4.26662 -19.7627 -7.02951 11.6234 3.21789 -4.48563 -8.7863 -18.1411 -17.9394 -15.5762 -2.63062 -15.019 -21.3192 14.8218 -2.31521 4.83233 -5.21929 -24.147 132.211 16.9279 -18.4167 -20.9978 -19.5016 -7.99589 -25.7385 17.6054 -3.5841 -13.1459 22.966 -9.10137 22.4246 -4.75812 24.4399 -6.36707 
0.0725365 2.89781 -0.951756 5.47168 2.977 0.724021 0.988065 0.44034 4.73776 -4.90072 -4.88153 12.6317 -1.81789 -2.34272 13.2989 -15.0714 -5.35367 -11.6396 12.0461 -9.35299 -3.96076 7.40152 6.91777 -5.1247 -56.6723 15.504 23.2034 -10.7534 -31.4226 13.9975 6.00753 7.03055 2.64797 8.00185 16.9279 -71.2689 -0.414796 14.4962 26.4493 3.30179 15.7576 -5.84019 -20.7346 12.3033 -7.05107 -2.37406 -17.1147 7.46773 -15.8529 6.28701 
-0.0280018 -4.85559 -1.66859 2.63021 -0.299552 0.356564 -3.36197 1.43743 0.5069 1.80583 0.341993 1.10536 -4.37967 -6.7654 -18.8729 20.5032 -14.5753 -8.44746 31.5258 12.1171 15.342 14.079 -4.25351 22.1193 6.43841 10.4891 1.06994 1.07931 0.667988 -25.929 -22.2884 1.04479 -7.88462 -10.0539 -18.4167 -0.414796 -43.4799 -12.6731 3.59117 -5.67346 0.0482627 -1.15389 8.19148 -11.3269 10.8334 -5.95156 -8.74304 7.15902 -7.70245 -5.84256 
-0.62158 -5.32114 -2.15317 -0.245181 1.90545 -4.45882 3.54383 1.21089 2.87244 3.72943 -1.91265 -2.40176 -7.78381 -14.3689 6.7248 15.6529 -1.57569 17.0123 -1.82263 -9.48036 13.3838 17.6648 14.8481 6.12765 2.88298 14.1563 0.131338 7.78124 4.34133 -18.2119 13.7625 7.16802 -6.96684 -15.2111 -20.9978 14.4962 -12.6731 -19.6357 -2.18596 9.79449 -9.71787 19.8501 24.8583 -11.1696 -13.6813 -1.51537 -0.434408 -0.808853 -12.8205 3.44725 
-0.124229 1.05258 -3.34021 2.76814 4.76549 -2.21792 2.35869 0.195875 3.03496 0.578954 -1.02744 -33.7166 -6.75303 -5.31415 -11.1491 14.8742 5.00672 35.8825 -2.11874 41.3211 21.5133 11.1518 26.1206 17.9282 -19.133 17.0801 5.96139 8.58596 -16.3032 18.705 -8.54693 14.5124 27.5141 15.5603 -19.5016 26.4493 3.59117 -2.18596 146.726 10.6509 6.36312 1.48658 6.98644 -2.02242 0.0350568 -1.61428 -6.12793 -13.7758 -15.1775 4.402 
-0.5826 -1.24931 -3.77911 -0.48949 -1.21815 -1.94397 -5.43413 1.38291 -0.919267 5.45272 -2.40209 12.1004 -5.23289 12.4326 -3.53739 6.2085 -9.97136 17.3732 -13.7931 10.5966 -11.6016 -14.1126 11.8227 16.8502 -8.22163 8.17657 1.32279 1.22273 8.07718 11.7697 -8.86702 12.45 7.52488 -25.6042 -7.99589 3.30179 -5.67346 9.79449 10.6509 -7.69286 -1.27826 -5.26379 16.0397 -22.5117 7.61358 14.2862 -13.1973 30.4836 -10.7944 -25.7446 
-0.309979 -4.32632 0.714955 3.19035 -1.78292 -2.49837 -0.851356 2.25994 3.61402 0.618342 -0.637598 13.8266 -1.67953 -19.5437 -10.2626 -1.94748 27.2851 -5.06045 3.85126 24.8315 17.1601 6.0908 -28.1733 -4.51923 -12.8222 -24.169 -9.075 -43.3351 9.23811 -6.12413 -13.4133 -14.0106 -3.78569 -44.2789 -25.7385 15.7576 0.0482627 -9.71787 6.36312 -1.27826 112.064 17.2269 1.45878 -11.9123 -13.6888 -0.56765 -22.494 12.1161 -3.62822 3.8487 
0.00865366 -0.438521 1.17935 1.63325 1.17521 -0.767689 0.0563873 -0.136359 -0.584511 0.313635 0.845157 7.7641 -10.5812 -26.526 -20.0457 -35.079 25.0604 -27.4113 6.95776 15.4104 -4.68904 4.34741 4.75411 -20.5255 -22.6642 -19.1635 -5.42102 -4.58807 -5.13202 37.2433 -6.68852 -17.7553 -0.40898 -0.149322 17.6054 -5.84019 -1.15389 19.8501 1.48658 -5.26379 17.2269 -81.3173 4.0678 4.12395 3.37863 -2.22811 4.43442 -0.409296 6.01708 1.75878 
-0.21861 6.69121 0.236372 -1.3583 1.51771 -0.596358 3.13822 -2.54432 -1.68833 -2.49817 0.608434 -23.2352 -15.0659 12.0355 -2.0908 -0.872443 -5.36653 4.76547 14.7395 -9.41858 -23.2872 -13.4459 -16.9512 -5.92936 -15.0874 -1.0369 13.9755 -5.53018 -5.3008 28.4816 -5.5272 -1.4704 -9.10937 -30.0422 -3.5841 -20.7346 8.19148 24.8583 6.98644 16.0397 1.45878 4.0678 49.9543 19.6171 -0.0446478 -2.76876 15.1628 -15.2677 5.02314 16.6553 
0.514169 4.97085 1.34138 0.473517 -0.290814 2.36664 -0.304804 -0.910901 -0.864195 -1.02291 1.69656 -0.708153 7.54381 6.12313 7.45419 24.5445 1.99879 33.3769 15.8819 -3.6497 3.76554 21.5091 19.5702 5.99124 7.38744 -4.85387 -3.12876 -8.649 10.5837 -20.311 2.3324 5.66424 -4.94251 11.5049 -13.1459 12.3033 -11.3269 -11.1696 -2.02242 -22.5117 -11.9123 4.12395 19.6171 75.8559 5.5573 -1.32021 14.3374 -17.4375 9.06566 -2.21715 
-0.357047 0.273926 -1.27829 1.89844 -1.77029 2.39961 -0.149958 0.258586 0.20666 -0.396897 -0.475158 -26.5996 -9.09379 -8.53783 11.705 -0.217968 -21.9037 -10.1786 16.0991 14.7134 7.2613 -2.0563 2.2467 5.05026 -14.1305 9.93182 17.3836 0.505352 -26.8875 -0.67489 10.3996 8.01974 4.98079 -7.96749 22.966 -7.05107 10.8334 -13.6813 0.0350568 7.61358 -13.6888 3.37863 -0.0446478 5.5573 78.2047 -8.33125 14.2803 -3.08676 -5.8888 0.0190115 
0.0845593 2.09895 1.21645 -1.68072 -0.126933 1.74214 -0.228756 0.675723 0.971221 0.189177 -0.0164254 20.3841 -1.9262 -4.92164 -14.2174 10.1149 -18.4891 -10.1883 -14.5287 -21.7757 2.29456 -32.2885 2.75878 8.434 3.17424 12.6865 -2.57094 21.5437 10.913 -14.8416 4.36383 -7.62176 -15.851 11.0717 -9.10137 -2.37406 -5.95156 -1.51537 -1.61428 14.2862 -0.56765 -2.22811 -2.76876 -1.32021 -8.33125 -38.134 5.65712 -2.97494 1.10099 1.67505 
0.0481152 -2.15326 0.883793 -1.74104 0.261148 -0.596969 0.084302 0.233872 0.473723 0.241215 -0.198423 5.48663 14.2918 2.20908 11.8075 -2.478 -10.0978 5.28509 16.5485 -19.83 13.4947 -3.56766 0.365334 2.85118 -3.02397 -0.571022 28.5286 5.20954 -6.9344 -1.78475 17.3662 25.3314 -2.78267 -27.8953 22.4246 -17.1147 -8.74304 -0.434408 -6.12793 -13.1973 -22.494 4.43442 15.1628 14.3374 14.2803 5.65712 -43.0761 0.598694 -1.19356 0.993849 
-0.400284 0.175049 -0.85117 -3.7989 0.687778 -0.322003 0.806694 -0.89869 -0.317879 0.315666 -0.0903333 -3.29559 -23.4965 -16.1621 -10.5222 22.3997 3.92021 -24.1817 6.53732 5.9409 1.39829 12.5856 -17.4459 -13.7792 13.4384 -0.699727 -6.09837 6.92067 -1.24958 13.8264 -6.33192 -6.25899 -10.2824 8.38523 -4.75812 7.46773 7.15902 -0.808853 -13.7758 30.4836 12.1161 -0.409296 -15.2677 -17.4375 -3.08676 -2.97494 0.598694 93.498 -0.608019 0.577591 
0.706783 -1.5968 1.97655 2.48963 -3.19208 2.61972 -1.62205 -0.0262927 -1.22585 -0.784983 -0.00577328 10.6187 -8.1206 -6.56955 24.1253 11.247 -1.63465 -20.2636 11.907 1.90222 -16.7845 26.9838 12.108 -10.9359 7.75698 -41.0971 -17.9282 -11.5542 -3.58889 10.6407 -17.0587 -6.78865 -36.7827 -8.48097 24.4399 -15.8529 -7.70245 -12.8205 -15.1775 -10.7944 -3.62822 6.01708 5.02314 9.06566 -5.8888 1.10099 -1.19356 -0.608019 11.2758 0.157512 
-0.0993257 1.98203 -0.932168 -0.645648 1.84004 -1.49833 0.946639 0.0549126 0.458506 0.245619 0 14.5525 24.3629 12.1875 -5.48876 7.72294 23.2442 -5.11248 4.4099 4.47799 0.502785 -3.42934 11.4468 10.1673 6.434 -0.203688 18.8075 -6.08313 -7.84354 -19.2846 4.4812 -5.08474 26.3299 34.22 -6.36707 6.28701 -5.84256 3.44725 4.402 -25.7446 3.8487 1.75878 16.6553 -2.21715 0.0190115 1.67505 0.993849 0.577591 0.157512 33.3337 
