2552.21 -0.916093 -1.86955 0.748459 0.227647 -2.42835 -1.90751 0.410837 0.769306 0.746456 -2.4288 1.29559 0.227625 -0.910969 -0.985165 1.00444 -0.651857 1.80026 -1.47896 2.4633 0.599726 0.736225 3.96359 1.5291 1.47588 1.10682 -0.890456 0.416304 0.505886 -1.27394 0.135365 -0.312873 0.70825 0.786836 -0.420272 0.041806 -0.115034 -0.743196 0.265196 -0.552665 -0.434215 0.0424342 -0.0460271 0.434542 -0.170302 -0.0712812 0.0419882 -0.495586 0.654732 -0.16989 
-0.916093 -296.603 -24.2803 -27.0255 -17.4121 7.34879 -1.61134 24.8108 6.17093 -20.9213 17.6269 4.10222 5.0544 19.8053 -10.4559 13.7602 6.34984 -5.45314 -2.9156 -20.1335 -5.6458 0.507164 2.03968 16.0413 -5.17908 0.0392713 -7.67203 1.80352 16.4273 -4.52914 2.04708 -3.15337 -1.57332 9.8409 -0.163798 1.97902 -2.94856 -3.42015 1.44252 -2.1575 -1.11408 -0.360117 5.41836 4.80523 1.0722 3.37667 -3.06241 4.42784 -1.32146 1.04374 
-1.86955 -24.2803 -319.779 2.82557 8.63101 -2.19048 -5.12253 10.6299 -0.344976 3.22062 -7.05539 18.9963 -5.26544 -5.83567 -9.80637 3.28288 8.35653 -17.4869 7.43678 -4.97854 -13.5348 6.25332 5.19797 2.25672 0.662827 -4.6381 -1.51622 -1.98009 4.1502 2.08969 0.499265 -4.16469 -4.49567 9.25362 5.15475 -1.97845 -2.19503 -2.80188 1.29459 -3.87372 -1.07805 0.668613 2.34827 1.73176 0.44288 -0.256216 1.01569 -2.62344 0.699478 -1.52279 
0.748459 -27.0255 2.82557 278.548 -15.6399 15.6601 3.86741 9.49102 4.77517 16.6219 -34.8869 -16.256 3.27929 2.15567 9.67626 -4.52469 -4.29036 -6.46669 -20.5551 7.90883 -0.750208 -13.4224 -10.779 12.3676 10.8807 5.69483 -0.721639 -2.70459 -1.78019 1.04227 -9.00211 1.8157 5.05314 -5.87443 -7.86027 6.46157 2.77043 0.0233757 -1.17217 -0.288958 4.08807 1.94067 -2.87656 0.311775 0.275609 -0.66335 -1.65798 -3.05456 3.4978 -0.00895821 
0.227647 -17.4121 8.63101 -15.6399 -301.294 13.9393 -4.0269 -3.93282 -12.5431 1.5365 8.92323 -22.9085 0.793637 17.0425 0.110829 4.7455 8.99653 4.73843 6.57199 -12.496 -4.26258 -6.59029 2.61554 9.77937 -15.3681 9.26908 8.3418 2.38405 -2.79644 -11.3212 -1.78482 3.22686 4.45416 4.14599 -4.45059 3.6608 1.17531 3.99926 -2.40478 -1.71018 0.689095 0.787669 -1.76189 0.726857 -4.76112 2.57785 0.14435 3.376 -1.92884 2.74308 
-2.42835 7.34879 -2.19048 15.6601 13.9393 -249.016 15.1481 7.66192 21.3005 7.33533 -2.47636 17.0191 4.15775 -26.1417 -10.1297 1.93451 -18.1122 -5.78368 -6.86694 12.9346 3.94195 -5.19468 -8.75538 7.17461 0.851457 1.46047 2.27471 -2.49328 0.697853 -0.944177 -10.4274 4.89571 0.871516 -7.18891 1.46065 0.876549 -2.02552 -7.68726 4.66127 -0.83929 -5.45547 0.381137 2.81732 0.295559 5.40384 -1.44662 -0.399626 -3.62417 1.87609 -2.23689 
-1.90751 -1.61134 -5.12253 3.86741 -4.0269 15.1481 -263.683 -10.3824 -6.0447 -0.252727 6.96613 -1.25719 12.2869 11.734 -0.311127 14.0381 7.6287 28.6794 14.281 3.25289 3.56878 -2.39504 21.0839 -2.86119 0.628801 0.00111103 -7.94397 7.75112 6.41156 -3.07892 3.5004 0.950504 1.3291 0.531832 -1.84444 0.877589 -1.97648 4.43786 2.98615 -5.71981 2.72713 1.32306 1.94788 -2.0301 1.023 0.549734 -0.918636 5.10085 -0.694996 -0.036559 
0.410837 24.8108 10.6299 9.49102 -3.93282 7.66192 -10.3824 -333.998 6.44144 11.4227 1.79386 -4.05557 0.944337 -3.11341 -7.08799 -1.85896 4.51899 3.00578 -0.000481546 1.9462 2.41936 2.19755 -3.73038 -4.0099 9.49784 -0.161824 -3.94533 0.783175 0.70282 -1.03884 0.0893219 0.697656 4.05789 2.63729 -1.34708 0.841977 1.16838 0.916832 -0.604524 1.6019 2.07154 0.03616 -2.66078 -1.09313 -0.101444 0.636373 0.354683 -1.30414 0.201628 0.275202 
0.769306 6.17093 -0.344976 4.77517 -12.5431 21.3005 -6.0447 6.44144 373.69 8.1989 9.049 3.43217 -0.0527305 -1.73978 -1.78238 -12.7048 13.5634 -1.11109 -11.3721 6.26814 -0.136336 -2.30486 -10.1805 -1.45403 -1.40576 3.77117 2.2447 -4.42337 0.874312 5.33654 -0.086488 -0.453612 6.37193 1.2791 -4.54622 4.56258 0.449364 2.66531 4.19325 -0.898989 3.42382 -0.551587 -1.26865 -0.96807 0.617132 0.632246 0.477614 -0.614368 -1.41115 0.30626 
0.746456 -20.9213 3.22062 16.6219 1.5365 7.33533 -0.252727 11.4227 8.1989 313.029 6.70122 2.39925 -0.920756 -0.665954 -8.11814 5.05625 -4.23503 -2.96428 4.5212 -6.35037 -14.8344 -1.95464 -5.07743 -3.7273 4.10454 -0.798684 -1.50029 2.61219 0.144123 4.79933 -2.0534 0.963013 -2.11213 -3.91788 3.40559 -5.06185 1.79046 3.66377 1.14983 5.43632 0.430792 0.234856 -2.25088 -0.934196 -0.214665 0.0169194 0.269046 0.0480431 -0.965896 0.188508 
-2.4288 17.6269 -7.05539 -34.8869 8.92323 -2.47636 6.96613 1.79386 9.049 6.70122 -281.854 -16.3792 -9.70605 2.17968 4.44312 -16.8985 2.22143 -2.68706 7.19398 6.68567 1.41246 7.62183 9.35711 -5.66919 6.94837 -3.98613 -3.9585 -2.45579 -2.93551 -6.49383 -5.25809 -1.40873 -4.32694 -4.45623 1.99566 -4.24533 0.220012 -1.11336 -7.02001 -2.50128 -1.91059 -0.498957 -0.801829 3.86982 -3.69494 1.31261 0.573089 -1.7782 0.174625 1.5277 
1.29559 4.10222 18.9963 -16.256 -22.9085 17.0191 -1.25719 -4.05557 3.43217 2.39925 -16.3792 295.032 8.50046 -1.12369 8.68811 1.65571 -13.3839 -13.1638 3.86289 -9.83008 5.56312 -4.11233 1.86557 -5.26043 8.20357 -2.47788 1.39079 -6.66466 7.64882 -3.14348 3.96966 -4.7294 -8.0744 -0.774757 5.98457 -5.27601 -4.27122 -1.02553 2.20235 -4.10258 1.98682 0.752307 2.19075 -1.64706 0.881974 -0.0828138 -0.478576 1.47375 0.50134 -0.556113 
0.227625 5.0544 -5.26544 3.27929 0.793637 4.15775 12.2869 0.944337 -0.0527305 -0.920756 -9.70605 8.50046 232.76 0.701839 -17.2781 21.7247 -14.6885 12.4298 7.32225 -10.252 5.44833 -2.73479 6.76912 14.9177 10.4766 5.42756 0.00292358 4.58656 12.1755 -16.0459 10.5549 2.75192 2.0436 11.7455 4.18156 -2.42699 -4.98174 -0.437049 5.78296 -10.3324 -2.6458 1.98411 7.83319 0.886198 2.57213 0.745458 -0.359723 0.544343 0.0278219 -0.0132926 
-0.910969 19.8053 -5.83567 2.15567 17.0425 -26.1417 11.734 -3.11341 -1.73978 -0.665954 2.17968 -1.12369 0.701839 247.44 21.6202 -8.12348 -3.03366 1.36596 2.56774 -6.72091 -6.10045 2.19574 13.2542 -9.62981 -6.12572 5.53729 7.2336 1.87345 -5.17956 8.78631 2.59583 3.76565 5.35251 -0.146939 8.15937 -5.3867 2.88542 5.57018 1.89657 -4.85917 -0.260278 0.733514 1.90664 2.79958 1.91934 0.870383 -0.445344 0.103814 0.00681261 0 
-0.985165 -10.4559 -9.80637 9.67626 0.110829 -10.1297 -0.311127 -7.08799 -1.78238 -8.11814 4.44312 8.68811 -17.2781 21.6202 -189.812 0.946188 10.0951 -9.74366 7.13981 -1.45626 -9.99499 5.48282 -22.6357 8.76394 5.90688 -1.37911 -6.51189 0.680062 -0.175421 0 -9.95972 19.2997 -2.47799 4.77323 21.6851 25.3897 -20.6073 -11.758 -11.9931 5.79927 33.0689 -0.334306 15.3937 -11.5843 0.797028 -3.14164 -0.613354 -15.8211 -9.196 -1.87315 
1.00444 13.7602 3.28288 -4.52469 4.7455 1.93451 14.0381 -1.85896 -12.7048 5.05625 -16.8985 1.65571 21.7247 -8.12348 0.946188 178.104 15.6684 17.2892 16.0606 -11.0302 0.208934 7.65891 -0.312681 -0.603116 -14.6766 -9.46459 -27.238 -6.3618 14.7173 1.85769 9.40359 -32.6122 24.9231 -6.03654 -0.989297 -12.4791 11.8936 1.85943 11.9295 14.335 -11.9623 -38.23 10.0569 16.5299 -1.72068 4.15763 -4.49747 13.5589 5.57778 8.33009 
-0.651857 6.34984 8.35653 -4.29036 8.99653 -18.1122 7.6287 4.51899 13.5634 -4.23503 2.22143 -13.3839 -14.6885 -3.03366 10.0951 15.6684 -171.126 -24.7147 -5.23024 -1.59086 -1.54903 -24.9802 12.7407 22.7722 7.5458 -3.79137 22.0298 40.849 17.9281 17.3055 44.8102 18.8525 -11.5459 8.7426 -6.47809 -10.7788 -6.51517 -3.66171 7.55758 -9.23748 25.5598 28.7925 -2.45328 1.72134 -25.2092 -12.7018 -13.2613 4.00064 -12.8744 23.5158 
1.80026 -5.45314 -17.4869 -6.46669 4.73843 -5.78368 28.6794 3.00578 -1.11109 -2.96428 -2.68706 -13.1638 12.4298 1.36596 -9.74366 17.2892 -24.7147 164.761 1.99127 -0.284909 -15.189 5.52142 -13.2826 -14.6351 12.9778 28.0401 -12.4591 -6.25701 0.973472 14.6215 37.5144 -3.7526 -16.1298 21.0989 -16.395 -11.4368 -5.0519 22.1405 39.4315 14.6766 -2.04897 -21.8844 7.80202 29.1907 -2.29283 -9.94201 -0.323665 -8.67062 -12.4548 -15.0339 
-1.47896 -2.9156 7.43678 -20.5551 6.57199 -6.86694 14.281 -0.000481546 -11.3721 4.5212 7.19398 3.86289 7.32225 2.56774 7.13981 16.0606 -5.23024 1.99127 -178.746 -8.15018 -18.9405 -14.2248 -1.83043 11.6097 9.27912 20.8714 -12.8584 11.7828 8.86097 15.6826 25.412 -11.4202 -7.5816 4.50192 6.72613 15.8274 14.9128 0.540681 -5.29905 -15.7172 5.19138 3.13351 11.0948 14.3992 16.7377 -23.0471 16.3801 4.63843 22.7818 5.07183 
2.4633 -20.1335 -4.97854 7.90883 -12.496 12.9346 3.25289 1.9462 6.26814 -6.35037 6.68567 -9.83008 -10.252 -6.72091 -1.45626 -11.0302 -1.59086 -0.284909 -8.15018 226.928 14.7106 -0.148691 0.984495 -6.84844 11.4855 11.9398 -2.32683 -30.8029 -13.8956 -3.04847 10.8849 6.03529 -16.8573 -7.97293 1.83777 -9.82011 9.17954 -4.26311 27.2607 9.96011 20.5815 -2.0484 -21.5308 12.9714 -2.43066 -13.203 -5.84111 -8.47817 0.680337 20.8983 
0.599726 -5.6458 -13.5348 -0.750208 -4.26258 3.94195 3.56878 2.41936 -0.136336 -14.8344 1.41246 5.56312 5.44833 -6.10045 -9.99499 0.208934 -1.54903 -15.189 -18.9405 14.7106 139.32 7.82402 -19.0681 -13.2717 14.7624 32.8965 11.7424 3.51739 -11.1934 -6.71839 -12.082 16.7776 -20.9707 -16.3626 4.17384 -0.817318 7.48279 9.01772 12.2489 -7.17395 12.8024 -8.04908 -24.1342 5.57518 -2.5683 2.98671 18.0387 -10.9624 -19.2839 6.18346 
0.736225 0.507164 6.25332 -13.4224 -6.59029 -5.19468 -2.39504 2.19755 -2.30486 -1.95464 7.62183 -4.11233 -2.73479 2.19574 5.48282 7.65891 -24.9802 5.52142 -14.2248 -0.148691 7.82402 -132.278 0.265846 5.92512 2.65273 5.19105 19.8111 -12.386 10.1103 7.31114 14.2195 13.5325 -9.20141 12.4667 6.93367 6.31814 -5.82569 17.8272 8.49696 -12.6932 4.72019 -1.24344 -15.6395 14.8281 -1.26761 -33.4865 -6.61119 8.40697 29.183 -4.15909 
3.96359 2.03968 5.19797 -10.779 2.61554 -8.75538 21.0839 -3.73038 -10.1805 -5.07743 9.35711 1.86557 6.76912 13.2542 -22.6357 -0.312681 12.7407 -13.2826 -1.83043 0.984495 -19.0681 0.265846 -198.531 21.0022 25.3979 23.219 -6.01714 12.259 -5.40034 3.22878 -20.2855 -10.7933 -8.85704 -9.16777 1.82723 4.94529 -25.9628 8.78527 11.7504 14.7741 -26.3934 -3.04493 -15.0891 8.35841 -2.11975 8.2956 -0.254658 -22.027 7.9952 11.0781 
1.5291 16.0413 2.25672 12.3676 9.77937 7.17461 -2.86119 -4.0099 -1.45403 -3.7273 -5.66919 -5.26043 14.9177 -9.62981 8.76394 -0.603116 22.7722 -14.6351 11.6097 -6.84844 -13.2717 5.92512 21.0022 -140.572 -6.81277 4.65677 -10.3196 -6.73825 7.28954 -6.0679 -20.7922 -1.80108 3.81343 0.953802 -20.3917 -3.71076 26.822 8.35255 22.8273 16.0342 -7.64789 -18.4709 -7.80628 9.74565 6.4714 7.147 4.23319 -12.3642 -7.61272 10.7968 
1.47588 -5.17908 0.662827 10.8807 -15.3681 0.851457 0.628801 9.49784 -1.40576 4.10454 6.94837 8.20357 10.4766 -6.12572 5.90688 -14.6766 7.5458 12.9778 9.27912 11.4855 14.7624 2.65273 25.3979 -6.81277 -138.731 -11.68 -16.2563 -11.1877 4.83184 -10.8372 -3.24502 11.6841 -6.57747 1.65413 -5.28273 -48.1941 -10.458 -4.07902 -30.5461 -4.5822 -4.31512 -27.8901 -7.93378 -7.47828 -13.9663 8.05437 -1.72866 8.2478 0.00819731 4.21194 
1.10682 0.0392713 -4.6381 5.69483 9.26908 1.46047 0.00111103 -0.161824 3.77117 -0.798684 -3.98613 -2.47788 5.42756 5.53729 -1.37911 -9.46459 -3.79137 28.0401 20.8714 11.9398 32.8965 5.19105 23.219 4.65677 -11.68 153.943 -5.95985 -1.47398 -19.766 -1.79782 -14.0602 -3.36516 -14.9405 -11.5125 -13.05 16.3581 6.99638 9.29157 18.2831 10.8606 -23.3339 -17.3216 1.58182 -8.27851 10.139 9.67996 -2.27695 -4.05381 -42.79 -0.794005 
-0.890456 -7.67203 -1.51622 -0.721639 8.3418 2.27471 -7.94397 -3.94533 2.2447 -1.50029 -3.9585 1.39079 0.00292358 7.2336 -6.51189 -27.238 22.0298 -12.4591 -12.8584 -2.32683 11.7424 19.8111 -6.01714 -10.3196 -16.2563 -5.95985 124.872 11.8389 -17.8162 -6.56345 -28.9284 0.693051 -9.84084 -14.3694 -3.54904 21.279 4.61838 2.38108 9.24091 0.14215 -7.30883 -3.93512 12.5159 -3.29734 19.2167 -1.18618 26.8281 -0.84129 -16.6248 17.0994 
0.416304 1.80352 -1.98009 -2.70459 2.38405 -2.49328 7.75112 0.783175 -4.42337 2.61219 -2.45579 -6.66466 4.58656 1.87345 0.680062 -6.3618 40.849 -6.25701 11.7828 -30.8029 3.51739 -12.386 12.259 -6.73825 -11.1877 -1.47398 11.8389 -120.655 11.19 9.45732 -5.37596 -21.6714 -7.19289 -9.80208 -3.84047 0.932726 -7.37484 3.47602 6.40094 3.00979 -32.2938 -3.21242 0.223901 -17.1341 4.12755 21.9776 5.16557 4.50216 -15.1368 -8.48692 
0.505886 16.4273 4.1502 -1.78019 -2.79644 0.697853 6.41156 0.70282 0.874312 0.144123 -2.93551 7.64882 12.1755 -5.17956 -0.175421 14.7173 17.9281 0.973472 8.86097 -13.8956 -11.1934 10.1103 -5.40034 7.28954 4.83184 -19.766 -17.8162 11.19 167.721 4.25694 4.59205 8.2128 13.4342 23.002 -16.8169 -29.8142 -0.116687 -0.148829 -18.8078 12.6737 9.36262 2.20275 -6.92081 6.37023 -29.1859 9.03375 -9.73487 -0.991114 0.216893 -7.08069 
-1.27394 -4.52914 2.08969 1.04227 -11.3212 -0.944177 -3.07892 -1.03884 5.33654 4.79933 -6.49383 -3.14348 -16.0459 8.78631 0 1.85769 17.3055 14.6215 15.6826 -3.04847 -6.71839 7.31114 3.22878 -6.0679 -10.8372 -1.79782 -6.56345 9.45732 4.25694 113.907 16.0027 12.8346 6.19362 13.8995 11.0338 16.1713 -22.8422 -10.6004 8.41474 9.69772 -2.47943 32.0084 21.5201 -13.9356 -8.1037 -4.61893 1.28405 15.8248 11.4878 -15.8441 
0.135365 2.04708 0.499265 -9.00211 -1.78482 -10.4274 3.5004 0.0893219 -0.086488 -2.0534 -5.25809 3.96966 10.5549 2.59583 -9.95972 9.40359 44.8102 37.5144 25.412 10.8849 -12.082 14.2195 -20.2855 -20.7922 -3.24502 -14.0602 -28.9284 -5.37596 4.59205 16.0027 -138.7 17.7797 -21.4428 11.366 -3.26604 6.75136 -23.193 13.976 -10.2421 -8.75321 -14.0773 -8.15419 -5.72227 2.70127 9.43236 4.87398 18.7272 -6.98871 -17.1819 5.32045 
-0.312873 -3.15337 -4.16469 1.8157 3.22686 4.89571 0.950504 0.697656 -0.453612 0.963013 -1.40873 -4.7294 2.75192 3.76565 19.2997 -32.6122 18.8525 -3.7526 -11.4202 6.03529 16.7776 13.5325 -10.7933 -1.80108 11.6841 -3.36516 0.693051 -21.6714 8.2128 12.8346 17.7797 -163.063 6.84001 -19.597 3.01737 5.98672 2.23085 8.80134 13.6228 11.4532 -13.9435 -19.2676 -2.75082 6.66749 7.81462 -6.10481 25.4318 -4.43953 -6.6166 -5.21975 
0.70825 -1.57332 -4.49567 5.05314 4.45416 0.871516 1.3291 4.05789 6.37193 -2.11213 -4.32694 -8.0744 2.0436 5.35251 -2.47799 24.9231 -11.5459 -16.1298 -7.5816 -16.8573 -20.9707 -9.20141 -8.85704 3.81343 -6.57747 -14.9405 -9.84084 -7.19289 13.4342 6.19362 -21.4428 6.84001 -67.6565 -22.6029 -6.18429 2.2932 -6.93947 -5.60218 25.4449 6.79595 -3.42607 -1.79781 -10.8528 -3.39597 3.39709 -13.8082 -2.32694 -9.59352 -36.3067 26.8069 
0.786836 9.8409 9.25362 -5.87443 4.14599 -7.18891 0.531832 2.63729 1.2791 -3.91788 -4.45623 -0.774757 11.7455 -0.146939 4.77323 -6.03654 8.7426 21.0989 4.50192 -7.97293 -16.3626 12.4667 -9.16777 0.953802 1.65413 -11.5125 -14.3694 -9.80208 23.002 13.8995 11.366 -19.597 -22.6029 -70.9163 -22.1044 7.76031 -8.92071 -15.0132 17.0563 -25.6417 -41.1279 2.59732 -31.0664 8.64142 -5.24717 11.0416 -29.8968 12.6709 -7.17151 32.2173 
-0.420272 -0.163798 5.15475 -7.86027 -4.45059 1.46065 -1.84444 -1.34708 -4.54622 3.40559 1.99566 5.98457 4.18156 8.15937 21.6851 -0.989297 -6.47809 -16.395 6.72613 1.83777 4.17384 6.93367 1.82723 -20.3917 -5.28273 -13.05 -3.54904 -3.84047 -16.8169 11.0338 -3.26604 3.01737 -6.18429 -22.1044 123.809 13.4106 -17.3821 -16.1271 -21.5704 -11.1208 -28.0913 7.41045 -4.57377 -6.20224 19.3007 -5.37487 25.2924 -6.84272 20.2103 -3.49854 
0.041806 1.97902 -1.97845 6.46157 3.6608 0.876549 0.877589 0.841977 4.56258 -5.06185 -4.24533 -5.27601 -2.42699 -5.3867 25.3897 -12.4791 -10.7788 -11.4368 15.8274 -9.82011 -0.817318 6.31814 4.94529 -3.71076 -48.1941 16.3581 21.279 0.932726 -29.8142 16.1713 6.75136 5.98672 2.2932 7.76031 13.4106 -73.2041 0.665069 15.6085 27.2389 2.38322 15.2691 -7.75896 -20.5041 13.6253 -6.8159 -2.38969 -17.1864 6.77275 -16.8358 6.08106 
-0.115034 -2.94856 -2.19503 2.77043 1.17531 -2.02552 -1.97648 1.16838 0.449364 1.79046 0.220012 -4.27122 -4.98174 2.88542 -20.6073 11.8936 -6.51517 -5.0519 14.9128 9.17954 7.48279 -5.82569 -25.9628 26.822 -10.458 6.99638 4.61838 -7.37484 -0.116687 -22.8422 -23.193 2.23085 -6.93947 -8.92071 -17.3821 0.665069 -46.0186 -15.0666 3.41907 -4.6673 -1.75478 -0.712522 9.41494 -11.4765 9.58939 -7.43152 -7.88193 3.99554 -8.33047 -4.49957 
-0.743196 -3.42015 -2.80188 0.0233757 3.99926 -7.68726 4.43786 0.916832 2.66531 3.66377 -1.11336 -1.02553 -0.437049 5.57018 -11.758 1.85943 -3.66171 22.1405 0.540681 -4.26311 9.01772 17.8272 8.78527 8.35255 -4.07902 9.29157 2.38108 3.47602 -0.148829 -10.6004 13.976 8.80134 -5.60218 -15.0132 -16.1271 15.6085 -15.0666 -22.8369 -0.78376 11.0325 -10.9049 22.0778 26.28 -12.4377 -13.124 -3.98243 -0.33485 -2.04839 -12.5314 3.20904 
0.265196 1.44252 1.29459 -1.17217 -2.40478 4.66127 2.98615 -0.604524 4.19325 1.14983 -7.02001 2.20235 5.78296 1.89657 -11.9931 11.9295 7.55758 39.4315 -5.29905 27.2607 12.2489 8.49696 11.7504 22.8273 -30.5461 18.2831 9.24091 6.40094 -18.8078 8.41474 -10.2421 13.6228 25.4449 17.0563 -21.5704 27.2389 3.41907 -0.78376 135.361 10.8426 6.08878 -3.42031 1.44504 2.95636 -9.40514 5.26582 -3.12073 -15.8046 -14.0049 10.0495 
-0.552665 -2.1575 -3.87372 -0.288958 -1.71018 -0.83929 -5.71981 1.6019 -0.898989 5.43632 -2.50128 -4.10258 -10.3324 -4.85917 5.79927 14.335 -9.23748 14.6766 -15.7172 9.96011 -7.17395 -12.6932 14.7741 16.0342 -4.5822 10.8606 0.14215 3.00979 12.6737 9.69772 -8.75321 11.4532 6.79595 -25.6417 -11.1208 2.38322 -4.6673 11.0325 10.8426 -8.38553 -0.814368 -6.33536 15.5858 -21.4742 6.8404 15.5405 -13.1005 29.652 -11.6875 -24.9157 
-0.434215 -1.11408 -1.07805 4.08807 0.689095 -5.45547 2.72713 2.07154 3.42382 0.430792 -1.91059 1.98682 -2.6458 -0.260278 33.0689 -11.9623 25.5598 -2.04897 5.19138 20.5815 12.8024 4.72019 -26.3934 -7.64789 -4.31512 -23.3339 -7.30883 -32.2938 9.36262 -2.47943 -14.0773 -13.9435 -3.42607 -41.1279 -28.0913 15.2691 -1.75478 -10.9049 6.08878 -0.814368 107.406 12.9217 3.95813 -8.84351 -16.4816 -2.8488 -19.7688 4.74031 -6.85321 6.69486 
0.0424342 -0.360117 0.668613 1.94067 0.787669 0.381137 1.32306 0.03616 -0.551587 0.234856 -0.498957 0.752307 1.98411 0.733514 -0.334306 -38.23 28.7925 -21.8844 3.13351 -2.0484 -8.04908 -1.24344 -3.04493 -18.4709 -27.8901 -17.3216 -3.93512 -3.21242 2.20275 32.0084 -8.15419 -19.2676 -1.79781 2.59732 7.41045 -7.75896 -0.712522 22.0778 -3.42031 -6.33536 12.9217 -85.7409 3.98951 7.2201 1.1299 -1.04832 5.90737 -2.29705 4.27006 3.33875 
-0.0460271 5.41836 2.34827 -2.87656 -1.76189 2.81732 1.94788 -2.66078 -1.26865 -2.25088 -0.801829 2.19075 7.83319 1.90664 15.3937 10.0569 -2.45328 7.80202 11.0948 -21.5308 -24.1342 -15.6395 -15.0891 -7.80628 -7.93378 1.58182 12.5159 0.223901 -6.92081 21.5201 -5.72227 -2.75082 -10.8528 -31.0664 -4.57377 -20.5041 9.41494 26.28 1.44504 15.5858 3.95813 3.98951 47.1413 19.8912 -1.68798 0.24662 14.7969 -11.9519 6.85786 16.8198 
0.434542 4.80523 1.73176 0.311775 0.726857 0.295559 -2.0301 -1.09313 -0.96807 -0.934196 3.86982 -1.64706 0.886198 2.79958 -11.5843 16.5299 1.72134 29.1907 14.3992 12.9714 5.57518 14.8281 8.35841 9.74565 -7.47828 -8.27851 -3.29734 -17.1341 6.37023 -13.9356 2.70127 6.66749 -3.39597 8.64142 -6.20224 13.6253 -11.4765 -12.4377 2.95636 -21.4742 -8.84351 7.2201 19.8912 71.1998 9.15164 -3.26949 11.948 -13.5683 11.6167 -4.91578 
-0.170302 1.0722 0.44288 0.275609 -4.76112 5.40384 1.023 -0.101444 0.617132 -0.214665 -3.69494 0.881974 2.57213 1.91934 0.797028 -1.72068 -25.2092 -2.29283 16.7377 -2.43066 -2.5683 -1.26761 -2.11975 6.4714 -13.9663 10.139 19.2167 4.12755 -29.1859 -8.1037 9.43236 7.81462 3.39709 -5.24717 19.3007 -6.8159 9.58939 -13.124 -9.40514 6.8404 -16.4816 1.1299 -1.68798 9.15164 72.9478 -5.05897 16.7195 -5.60256 -5.8625 3.16819 
-0.0712812 3.37667 -0.256216 -0.66335 2.57785 -1.44662 0.549734 0.636373 0.632246 0.0169194 1.31261 -0.0828138 0.745458 0.870383 -3.14164 4.15763 -12.7018 -9.94201 -23.0471 -13.203 2.98671 -33.4865 8.2956 7.147 8.05437 9.67996 -1.18618 21.9776 9.03375 -4.61893 4.87398 -6.10481 -13.8082 11.0416 -5.37487 -2.38969 -7.43152 -3.98243 5.26582 15.5405 -2.8488 -1.04832 0.24662 -3.26949 -5.05897 -41.1895 5.64894 -4.21512 0.493308 0.826855 
0.0419882 -3.06241 1.01569 -1.65798 0.14435 -0.399626 -0.918636 0.354683 0.477614 0.269046 0.573089 -0.478576 -0.359723 -0.445344 -0.613354 -4.49747 -13.2613 -0.323665 16.3801 -5.84111 18.0387 -6.61119 -0.254658 4.23319 -1.72866 -2.27695 26.8281 5.16557 -9.73487 1.28405 18.7272 25.4318 -2.32694 -29.8968 25.2924 -17.1864 -7.88193 -0.33485 -3.12073 -13.1005 -19.7688 5.90737 14.7969 11.948 16.7195 5.64894 -44.1858 2.70472 -0.609535 -0.106664 
-0.495586 4.42784 -2.62344 -3.05456 3.376 -3.62417 5.10085 -1.30414 -0.614368 0.0480431 -1.7782 1.47375 0.544343 0.103814 -15.8211 13.5589 4.00064 -8.67062 4.63843 -8.47817 -10.9624 8.40697 -22.027 -12.3642 8.2478 -4.05381 -0.84129 4.50216 -0.991114 15.8248 -6.98871 -4.43953 -9.59352 12.6709 -6.84272 6.77275 3.99554 -2.04839 -15.8046 29.652 4.74031 -2.29705 -11.9519 -13.5683 -5.60256 -4.21512 2.70472 84.182 -3.49025 4.00925 
0.654732 -1.32146 0.699478 3.4978 -1.92884 1.87609 -0.694996 0.201628 -1.41115 -0.965896 0.174625 0.50134 0.0278219 0.00681261 -9.196 5.57778 -12.8744 -12.4548 22.7818 0.680337 -19.2839 29.183 7.9952 -7.61272 0.00819731 -42.79 -16.6248 -15.1368 0.216893 11.4878 -17.1819 -6.6166 -36.3067 -7.17151 20.2103 -16.8358 -8.33047 -12.5314 -14.0049 -11.6875 -6.85321 4.27006 6.85786 11.6167 -5.8625 0.493308 -0.609535 -3.49025 9.72993 0.359701 
-0.16989 1.04374 -1.52279 -0.00895821 2.74308 -2.23689 -0.036559 0.275202 0.30626 0.188508 1.5277 -0.556113 -0.0132926 0 -1.87315 8.33009 23.5158 -15.0339 5.07183 20.8983 6.18346 -4.15909 11.0781 10.7968 4.21194 -0.794005 17.0994 -8.48692 -7.08069 -15.8441 5.32045 -5.21975 26.8069 32.2173 -3.49854 6.08106 -4.49957 3.20904 10.0495 -24.9157 6.69486 3.33875 16.8198 -4.91578 3.16819 0.826855 -0.106664 4.00925 0.359701 31.5295 
