2552.21 -0.916093 -1.86955 0.748459 0.227647 -2.42835 -1.90751 0.410837 0.769306 0.746456 -2.4288 1.29559 0.227625 -0.910969 -0.634735 2.33853 0.295326 0.283757 -1.12772 1.95258 0.844199 0.259407 3.41104 2.66392 1.95744 0.484232 0.0777671 0.876918 0.545411 -1.62333 -0.0300531 -0.235217 0.912294 0.704723 -0.0925469 0.0207571 -0.17556 -0.783899 -0.76348 -0.8104 -0.487776 0.367802 0.23414 -0.0800837 -0.0133972 0.119029 0.0289454 -0.0562298 0.642847 -0.146323 
-0.916093 -296.603 -24.2803 -27.0255 -17.4121 7.34879 -1.61134 24.8108 6.17093 -20.9213 17.6269 4.10222 5.0544 19.8053 -8.56034 11.9918 -0.180822 -12.5408 -7.09224 -24.2626 -4.56921 -0.466945 -0.504898 13.3189 -6.78169 0.389324 -10.4924 2.8758 -0.36699 -6.64218 1.56769 -6.56905 -4.27125 7.60668 -0.90763 0.411975 -1.77609 -2.29727 8.39318 -2.64312 -2.67816 -0.504609 0.812968 4.42759 3.52745 3.41724 -2.35403 0.679451 -2.69888 1.92144 
-1.86955 -24.2803 -319.779 2.82557 8.63101 -2.19048 -5.12253 10.6299 -0.344976 3.22062 -7.05539 18.9963 -5.26544 -5.83567 -7.75164 -2.59284 3.86859 -6.97455 4.86753 -7.25209 -2.95045 1.74838 -3.45839 5.9255 4.97109 -11.0472 -12.8196 0.109686 -4.94904 3.83544 6.55939 -8.31498 -6.02359 9.30359 0.456825 -3.1101 -1.09321 -0.953546 8.89583 -4.64017 -7.2528 0.94317 -0.756281 4.13759 1.31094 -1.57317 1.20983 -4.96963 1.61303 -1.88491 
0.748459 -27.0255 2.82557 278.548 -15.6399 15.6601 3.86741 9.49102 4.77517 16.6219 -34.8869 -16.256 3.27929 2.15567 6.13275 -6.18068 -4.92059 0.226065 -23.6785 11.0573 1.25339 -10.3989 -2.5649 -0.555417 -1.06405 0.302522 -6.05253 -1.61894 1.27607 0.133653 -19.8995 2.91425 7.3236 -4.53659 -10.1756 2.532 0.0530053 -0.610212 -1.56904 2.60666 2.32575 -1.98992 -1.54705 -0.0694703 -1.45047 3.51268 -2.44493 -3.11987 -0.94817 -0.245648 
0.227647 -17.4121 8.63101 -15.6399 -301.294 13.9393 -4.0269 -3.93282 -12.5431 1.5365 8.92323 -22.9085 0.793637 17.0425 -1.50924 0.326376 1.12766 2.85736 7.38966 -12.3323 -9.48808 -5.86336 1.01461 5.80568 -16.7998 5.61985 3.00893 8.38224 -3.76234 -12.3289 -0.197032 -1.27354 3.49047 3.52385 -8.19188 2.58867 2.13168 3.94132 -0.92782 -2.31259 -4.42315 -0.504861 -7.46805 3.26403 -5.09075 1.07504 1.9953 -1.16492 -0.610605 2.64423 
-2.42835 7.34879 -2.19048 15.6601 13.9393 -249.016 15.1481 7.66192 21.3005 7.33533 -2.47636 17.0191 4.15775 -26.1417 -11.9776 -0.828631 -8.70664 -0.271455 -9.46188 12.866 6.59631 4.30608 3.26806 -2.3582 -5.14311 0.239344 -0.138743 -11.7183 -1.08903 -0.957312 -15.01 0.982552 2.45473 -7.47908 -1.33638 -1.70941 -0.954174 -5.74291 5.64356 -0.904734 -8.42697 -1.50068 6.01727 -0.919117 5.85774 1.24592 -0.630538 0.432873 1.01044 -2.58702 
-1.90751 -1.61134 -5.12253 3.86741 -4.0269 15.1481 -263.683 -10.3824 -6.0447 -0.252727 6.96613 -1.25719 12.2869 11.734 -0.264026 25.6003 1.88353 3.48159 14.9873 -3.87753 -3.09302 -1.98254 13.9729 3.99024 5.24176 1.74562 9.48904 18.8634 4.44847 -6.99297 3.71415 -2.03034 0.0260654 -2.33305 6.17949 6.52617 -1.09755 2.64053 -7.54344 -9.19854 6.79053 4.42337 0.48896 -4.80105 4.00282 -2.08285 2.57367 3.54838 2.2322 0.547367 
0.410837 24.8108 10.6299 9.49102 -3.93282 7.66192 -10.3824 -333.998 6.44144 11.4227 1.79386 -4.05557 0.944337 -3.11341 -6.15901 2.28311 1.26866 -0.201171 -1.38809 2.43767 3.3517 1.20736 -7.13502 -1.77094 8.56314 1.28224 0.113712 2.90621 2.84009 -1.10512 0.791244 -2.35869 4.8567 1.8193 0.547135 0.553607 1.78836 0.967227 -2.23021 1.57019 4.00062 0.515527 -1.77269 -1.89047 -0.0465044 0.804364 0.060495 0.675709 0.139701 0.778214 
0.769306 6.17093 -0.344976 4.77517 -12.5431 21.3005 -6.0447 6.44144 373.69 8.1989 9.049 3.43217 -0.0527305 -1.73978 -1.22836 -4.65409 9.85793 4.15258 -10.4421 8.67702 -0.75351 -5.93208 -11.9345 -1.90125 -5.25348 0.426136 0.141913 2.77731 8.2325 6.77707 1.99647 -1.76358 8.48382 2.37922 -6.11017 1.41696 -1.08343 2.38428 3.41191 0.583156 3.82501 -0.283422 -1.20483 -0.429903 -1.98829 1.69774 -1.46179 -0.17547 -2.44949 0.0791615 
0.746456 -20.9213 3.22062 16.6219 1.5365 7.33533 -0.252727 11.4227 8.1989 313.029 6.70122 2.39925 -0.920756 -0.665954 -6.20071 3.58005 -4.67866 2.37297 1.47388 -8.42733 -4.14345 4.42141 -3.71121 -7.14539 4.10733 -8.98647 -5.84226 -1.96961 -1.96127 3.64136 -2.37118 -1.228 -2.78202 -5.06865 0.622034 -6.82657 3.66019 4.43282 1.88129 4.20658 -4.17373 -0.186851 -6.26613 -0.368641 0.457454 0.110753 1.08886 -1.57374 0.426955 -0.235002 
-2.4288 17.6269 -7.05539 -34.8869 8.92323 -2.47636 6.96613 1.79386 9.049 6.70122 -281.854 -16.3792 -9.70605 2.17968 4.18524 -13.5206 7.08312 -0.0593127 12.1643 9.24251 5.36936 2.52692 1.77729 2.68055 11.7174 -2.86021 -4.38681 0.765295 7.40364 -3.84129 0.204452 -0.471207 -3.52529 -2.76442 3.1375 -1.95482 -0.260663 -1.32903 -6.02839 -1.66355 1.92024 1.06871 3.41943 5.20704 -5.23195 -0.781117 -1.00474 1.42138 1.10912 1.72857 
1.29559 4.10222 18.9963 -16.256 -22.9085 17.0191 -1.25719 -4.05557 3.43217 2.39925 -16.3792 295.032 8.50046 -1.12369 9.01818 -6.84329 -9.01711 -10.7484 1.41763 -5.66922 -1.53359 -2.09055 6.26604 -8.89222 8.97235 5.29028 -3.95419 -10.8835 -0.638598 -2.27217 -0.526793 -4.13064 -10.1708 -0.0306073 5.04215 -3.3555 -5.14918 -0.520772 8.95127 -2.87598 1.54938 -2.00907 3.33581 -0.605913 2.5433 0.0917445 0.766697 -1.06438 -1.27921 -0.969379 
0.227625 5.0544 -5.26544 3.27929 0.793637 4.15775 12.2869 0.944337 -0.0527305 -0.920756 -9.70605 8.50046 232.76 0.701839 -15.3794 21.1092 -22.3571 -3.7223 -2.39426 -14.8747 -0.360888 1.24497 10.7449 9.2883 6.63841 9.65791 6.19796 -0.0979365 -0.587137 -20.513 1.14404 -8.69152 0.267319 7.18457 5.45375 -2.30708 -1.37015 0.845947 4.29682 -12.5306 -4.6988 -2.07942 5.20617 -1.52912 7.22481 2.4687 4.58941 -0.38929 -0.378637 1.02633 
-0.910969 19.8053 -5.83567 2.15567 17.0425 -26.1417 11.734 -3.11341 -1.73978 -0.665954 2.17968 -1.12369 0.701839 247.44 18.0279 -8.48001 2.70205 9.84693 10.0345 -5.36082 -7.96216 -5.35247 12.0112 -3.55647 1.74088 1.59324 1.59258 0.109006 2.73173 9.3852 5.17354 13.3822 4.37366 1.8511 5.43648 -4.24786 1.39468 4.21661 1.54399 -4.7323 -2.33209 0.539392 -1.45914 5.5294 -0.0447927 -0.875863 0.00213504 -4.25535 1.39457 -0.477522 
-0.634735 -8.56034 -7.75164 6.13275 -1.50924 -11.9776 -0.264026 -6.15901 -1.22836 -6.20071 4.18524 9.01818 -15.3794 18.0279 -222.418 20.87 -12.8976 -2.05708 4.59239 -8.31995 -3.48864 7.81965 -17.19 6.30202 -1.75199 -10.6384 -7.92442 6.66392 -14.417 -16.7516 -13.7285 0.74011 0.0416082 2.76191 -2.15963 4.25096 0.373372 -2.90432 -5.12257 -5.20949 -7.74077 0.550298 -1.78259 -2.29872 4.33215 0.157861 3.32699 -2.5112 1.686 -0.703978 
2.33853 11.9918 -2.59284 -6.18068 0.326376 -0.828631 25.6003 2.28311 -4.65409 3.58005 -13.5206 -6.84329 21.1092 -8.48001 20.87 240.856 -8.51699 8.84595 1.98016 -5.0737 3.79709 3.61637 9.46216 15.4261 -1.59047 -3.42625 9.12198 4.34584 8.77169 -6.41035 -10.6654 -2.22623 5.88767 3.40504 -6.57985 14.8157 0.891078 -1.32613 -6.43915 -1.13379 9.00447 0.35307 1.89306 -4.40251 -1.75783 -0.16459 0.4274 2.62133 0.384971 1.22226 
0.295326 -0.180822 3.86859 -4.92059 1.12766 -8.70664 1.88353 1.26866 9.85793 -4.67866 7.08312 -9.01711 -22.3571 2.70205 -12.8976 -8.51699 -232.544 1.88986 -31.0411 2.3948 -3.27006 2.68769 27.4925 -1.78098 -0.127687 13.7212 3.9742 -17.1937 -11.0092 -18.9674 -6.3617 18.3218 1.36655 -2.87863 -3.38522 -11.7384 -0.437405 -2.60078 1.5564 3.376 -16.5736 -2.10079 -0.689466 1.3337 0.552731 6.08413 -3.32066 -0.817852 -2.71331 -1.50153 
0.283757 -12.5408 -6.97455 0.226065 2.85736 -0.271455 3.48159 -0.201171 4.15258 2.37297 -0.0593127 -10.7484 -3.7223 9.84693 -2.05708 8.84595 1.88986 203.79 14.0147 17.3045 -1.58639 -1.44307 27.8393 9.2381 -21.2842 30.8329 24.6328 3.13624 -0.546537 2.48626 6.41265 5.02366 14.7862 5.42253 -1.97168 6.96024 5.24936 2.18961 -4.62293 -0.597173 -8.43047 -0.714157 1.87155 3.26694 2.14081 -0.797289 1.84558 0.0935374 2.23855 -1.60239 
-1.12772 -7.09224 4.86753 -23.6785 7.38966 -9.46188 14.9873 -1.38809 -10.4421 1.47388 12.1643 1.41763 -2.39426 10.0345 4.59239 1.98016 -31.0411 14.0147 -229.419 2.64581 -1.8815 -2.69254 -0.469826 -0.686643 9.61901 3.24237 -7.95274 1.62729 8.10594 -4.21816 -1.51228 -2.90345 3.86946 5.48491 -8.91225 1.70975 -0.55841 1.38955 2.10539 6.13976 1.2481 -2.29199 -4.0824 -4.33253 -1.93095 0.059592 0.422462 -0.45461 0.00996959 -0.401116 
1.95258 -24.2626 -7.25209 11.0573 -12.3323 12.866 -3.87753 2.43767 8.67702 -8.42733 9.24251 -5.66922 -14.8747 -5.36082 -8.31995 -5.0737 2.3948 17.3045 2.64581 258.752 5.33355 -3.39912 2.33338 8.10449 -4.97298 8.8925 8.33681 -3.98981 0.36672 -4.71435 -1.06033 -1.47091 9.84712 0.037382 -4.71245 11.5672 -2.84362 -4.79296 1.94161 -5.38928 6.4579 -0.191897 5.46169 -1.39204 0.298541 0.211733 -0.144028 2.93273 -1.08732 1.5087 
0.844199 -4.56921 -2.95045 1.25339 -9.48808 6.59631 -3.09302 3.3517 -0.75351 -4.14345 5.36936 -1.53359 -0.360888 -7.96216 -3.48864 3.79709 -3.27006 -1.58639 -1.8815 5.33355 98.1563 2.80526 27.4104 14.995 11.9785 6.10262 0.872215 5.48965 10.431 -15.4283 11.88 2.57027 1.56921 19.9189 21.1556 -7.8417 -1.55883 -6.65178 -1.74633 -17.3952 -0.783165 1.68053 9.36718 7.91776 1.03062 1.43827 -2.00307 0.649866 -0.280819 -0.266432 
0.259407 -0.466945 1.74838 -10.3989 -5.86336 4.30608 -1.98254 1.20736 -5.93208 4.42141 2.52692 -2.09055 1.24497 -5.35247 7.81965 3.61637 2.68769 -1.44307 -2.69254 -3.39912 2.80526 -142.161 24.3496 -5.70154 -5.80667 12.6504 9.60148 6.96864 -15.7107 -20.6198 -9.31097 2.41992 9.47732 -5.42661 -1.65377 1.76528 -1.55509 -1.82682 2.45189 -4.77593 -4.56882 -1.12058 5.09673 1.22232 3.3573 1.64811 0.441968 -0.451187 0.0825526 0 
3.41104 -0.504898 -3.45839 -2.5649 1.01461 3.26806 13.9729 -7.13502 -11.9345 -3.71121 1.77729 6.26604 10.7449 12.0112 -17.19 9.46216 27.4925 27.8393 -0.469826 2.33338 27.4104 24.3496 -210.98 -0.721384 -0.162114 -0.0859536 -0.00825274 0.918289 0.170383 0 -36.2096 -22.819 4.14347 -14.5945 0.242502 6.39097 -15.1819 6.82052 5.53738 20.3258 -27.3368 -0.75353 -4.52321 -2.46204 3.72533 21.3259 -1.31827 -8.57589 4.43912 3.82351 
2.66392 13.3189 5.9255 -0.555417 5.80568 -2.3582 3.99024 -1.77094 -1.90125 -7.14539 2.68055 -8.89222 9.2883 -3.55647 6.30202 15.4261 -1.78098 9.2381 -0.686643 8.10449 14.995 -5.70154 -0.721384 -128.376 4.06526 9.87744 -0.31935 -2.24696 11.0445 2.76419 -7.27866 5.71009 -8.8285 6.85495 -16.6959 -1.29009 8.92232 19.1183 25.0198 7.76277 -2.09112 -11.5159 -17.6498 14.2961 -1.30797 -12.646 -1.19488 -4.5916 5.20004 16.264 
1.95744 -6.78169 4.97109 -1.06405 -16.7998 -5.14311 5.24176 8.56314 -5.25348 4.10733 11.7174 8.97235 6.63841 1.74088 -1.75199 -1.59047 -0.127687 -21.2842 9.61901 -4.97298 11.9785 -5.80667 -0.162114 4.06526 -132.098 -4.67267 -4.74903 -5.05908 3.12081 -5.46897 -1.7951 1.54256 -8.11459 0.218835 7.33899 -34.5069 -24.3021 0.012182 -27.1573 -7.32659 -3.46865 -21.5579 -3.86409 -5.57313 -11.698 -4.31693 -4.03722 12.5958 12.3818 5.2223 
0.484232 0.389324 -11.0472 0.302522 5.61985 0.239344 1.74562 1.28224 0.426136 -8.98647 -2.86021 5.29028 9.65791 1.59324 -10.6384 -3.42625 13.7212 30.8329 3.24237 8.8925 6.10262 12.6504 -0.0859536 9.87744 -4.67267 172.752 4.75239 5.85202 -5.3055 -5.86783 -16.9726 7.90905 -17.5852 -17.2896 -7.92902 8.38135 8.57298 13.5837 4.40523 -2.06764 -8.6854 -13.7519 -9.33271 -6.81018 0.368889 10.9751 8.53371 1.43065 -37.0158 -1.00996 
0.0777671 -10.4924 -12.8196 -6.05253 3.00893 -0.138743 9.48904 0.113712 0.141913 -5.84226 -4.38681 -3.95419 6.19796 1.59258 -7.92442 9.12198 3.9742 24.6328 -7.95274 8.33681 0.872215 9.60148 -0.00825274 -0.31935 -4.74903 4.75239 123.957 2.32818 -1.53149 0.907401 4.05392 -0.130425 -13.0314 -1.56898 -4.93144 -0.576917 2.22089 13.1382 16.2662 1.38574 9.02674 -13.8479 4.31661 15.6493 5.12933 -8.8891 20.8987 2.33221 -8.0292 6.19123 
0.876918 2.8758 0.109686 -1.61894 8.38224 -11.7183 18.8634 2.90621 2.77731 -1.96961 0.765295 -10.8835 -0.0979365 0.109006 6.66392 4.34584 -17.1937 3.13624 1.62729 -3.98981 5.48965 6.96864 0.918289 -2.24696 -5.05908 5.85202 2.32818 -87.3974 15.2168 14.7797 8.52271 -8.14485 -16.1464 -6.04715 -9.73716 -11.1356 -10.2701 -2.45992 8.37 4.92553 -4.03404 7.44544 4.17499 -13.859 -10.755 21.0728 1.71384 -0.00210531 -28.2994 13.0867 
0.545411 -0.36699 -4.94904 1.27607 -3.76234 -1.08903 4.44847 2.84009 8.2325 -1.96127 7.40364 -0.638598 -0.587137 2.73173 -14.417 8.77169 -11.0092 -0.546537 8.10594 0.36672 10.431 -15.7107 0.170383 11.0445 3.12081 -5.3055 -1.53149 15.2168 153.594 5.50044 9.24683 12.6734 -9.51561 23.9353 -14.9262 -15.5587 -6.66383 5.06645 -11.9632 7.89792 13.0328 8.87252 -5.65309 2.58811 -15.766 0.08972 -2.00961 -8.76251 -11.0643 -13.9388 
-1.62333 -6.64218 3.83544 0.133653 -12.3289 -0.957312 -6.99297 -1.10512 6.77707 3.64136 -3.84129 -2.27217 -20.513 9.3852 -16.7516 -6.41035 -18.9674 2.48626 -4.21816 -4.71435 -15.4283 -20.6198 0 2.76419 -5.46897 -5.86783 0.907401 14.7797 5.50044 113.343 10.9013 10.0884 4.18407 9.1906 13.4994 17.8166 -21.4081 -11.6435 5.71242 5.32935 -3.0947 31.8547 13.4063 -11.8009 -7.45198 -5.33545 9.22744 7.80847 13.5313 -13.7414 
-0.0300531 1.56769 6.55939 -19.8995 -0.197032 -15.01 3.71415 0.791244 1.99647 -2.37118 0.204452 -0.526793 1.14404 5.17354 -13.7285 -10.6654 -6.3617 6.41265 -1.51228 -1.06033 11.88 -9.31097 -36.2096 -7.27866 -1.7951 -16.9726 4.05392 8.52271 9.24683 10.9013 -126.605 9.65489 -22.5349 7.6727 0.986555 13.2173 -25.3611 16.9143 -5.51379 -15.8642 -9.18503 6.72074 -8.1708 4.6467 3.42657 -7.07826 13.0747 4.35359 -7.74066 11.3526 
-0.235217 -6.56905 -8.31498 2.91425 -1.27354 0.982552 -2.03034 -2.35869 -1.76358 -1.228 -0.471207 -4.13064 -8.69152 13.3822 0.74011 -2.22623 18.3218 5.02366 -2.90345 -1.47091 2.57027 2.41992 -22.819 5.71009 1.54256 7.90905 -0.130425 -8.14485 12.6734 10.0884 9.65489 -160.269 5.61784 -11.8653 11.3425 17.0494 -14.9766 6.91091 15.2421 11.3088 -11.6411 -8.3323 -0.0218913 -6.48237 2.69923 -3.65647 4.67726 -2.22023 -4.26833 -17.3528 
0.912294 -4.27125 -6.02359 7.3236 3.49047 2.45473 0.0260654 4.8567 8.48382 -2.78202 -3.52529 -10.1708 0.267319 4.37366 0.0416082 5.88767 1.36655 14.7862 3.86946 9.84712 1.56921 9.47732 4.14347 -8.8285 -8.11459 -17.5852 -13.0314 -16.1464 -9.51561 4.18407 -22.5349 5.61784 -70.4844 -24.6755 -7.21304 1.25863 -6.61149 -4.68538 25.3098 6.43446 1.92091 0.0612434 -10.5573 -6.59162 2.80556 -13.9036 -2.48783 -4.59228 -38.0522 27.6519 
0.704723 7.60668 9.30359 -4.53659 3.52385 -7.47908 -2.33305 1.8193 2.37922 -5.06865 -2.76442 -0.0306073 7.18457 1.8511 2.76191 3.40504 -2.87863 5.42253 5.48491 0.037382 19.9189 -5.42661 -14.5945 6.85495 0.218835 -17.2896 -1.56898 -6.04715 23.9353 9.1906 7.6727 -11.8653 -24.6755 -71.8475 -17.8949 12.3071 -10.2103 -17.6662 11.9604 -26.7014 -19.2942 8.9776 -18.0923 -3.3154 -7.70681 9.84954 -33.1645 25.8874 -12.0015 40.5269 
-0.0925469 -0.90763 0.456825 -10.1756 -8.19188 -1.33638 6.17949 0.547135 -6.11017 0.622034 3.1375 5.04215 5.45375 5.43648 -2.15963 -6.57985 -3.38522 -1.97168 -8.91225 -4.71245 21.1556 -1.65377 0.242502 -16.6959 7.33899 -7.92902 -4.93144 -9.73716 -14.9262 13.4994 0.986555 11.3425 -7.21304 -17.8949 127.354 4.39697 -20.12 -11.8098 -16.1807 -12.3933 -15.9611 4.20382 -4.56393 1.0471 10.6965 -8.49966 18.116 -0.757536 22.1885 -4.5918 
0.0207571 0.411975 -3.1101 2.532 2.58867 -1.70941 6.52617 0.553607 1.41696 -6.82657 -1.95482 -3.3555 -2.30708 -4.24786 4.25096 14.8157 -11.7384 6.96024 1.70975 11.5672 -7.8417 1.76528 6.39097 -1.29009 -34.5069 8.38135 -0.576917 -11.1356 -15.5587 17.8166 13.2173 17.0494 1.25863 12.3071 4.39697 -72.1253 1.0813 15.1742 19.5775 0.0885475 22.6877 -8.80822 -23.8337 17.2199 -7.54058 -6.88944 -15.2876 3.38569 -9.04976 4.11599 
-0.17556 -1.77609 -1.09321 0.0530053 2.13168 -0.954174 -1.09755 1.78836 -1.08343 3.66019 -0.260663 -5.14918 -1.37015 1.39468 0.373372 0.891078 -0.437405 5.24936 -0.55841 -2.84362 -1.55883 -1.55509 -15.1819 8.92232 -24.3021 8.57298 2.22089 -10.2701 -6.66383 -21.4081 -25.3611 -14.9766 -6.61149 -10.2103 -20.12 1.0813 -42.8673 -12.4156 4.75608 -6.34433 -6.63948 -2.25171 10.6163 -10.2031 12.2285 -7.58027 -5.32402 6.48862 -5.11796 -6.47427 
-0.783899 -2.29727 -0.953546 -0.610212 3.94132 -5.74291 2.64053 0.967227 2.38428 4.43282 -1.32903 -0.520772 0.845947 4.21661 -2.90432 -1.32613 -2.60078 2.18961 1.38955 -4.79296 -6.65178 -1.82682 6.82052 19.1183 0.012182 13.5837 13.1382 -2.45992 5.06645 -11.6435 16.9143 6.91091 -4.68538 -17.6662 -11.8098 15.1742 -12.4156 -23.3149 -1.71716 10.1096 -10.9972 22.3131 24.4461 -11.8291 -12.2408 -3.06926 2.89586 -3.00851 -10.4539 3.82885 
-0.76348 8.39318 8.89583 -1.56904 -0.92782 5.64356 -7.54344 -2.23021 3.41191 1.88129 -6.02839 8.95127 4.29682 1.54399 -5.12257 -6.43915 1.5564 -4.62293 2.10539 1.94161 -1.74633 2.45189 5.53738 25.0198 -27.1573 4.40523 16.2662 8.37 -11.9632 5.71242 -5.51379 15.2421 25.3098 11.9604 -16.1807 19.5775 4.75608 -1.71716 116.151 4.1529 2.78427 5.78235 -3.11328 -5.14531 -8.65912 9.28717 3.75714 -11.9173 -6.72658 13.2565 
-0.8104 -2.64312 -4.64017 2.60666 -2.31259 -0.904734 -9.19854 1.57019 0.583156 4.20658 -1.66355 -2.87598 -12.5306 -4.7323 -5.20949 -1.13379 3.376 -0.597173 6.13976 -5.38928 -17.3952 -4.77593 20.3258 7.76277 -7.32659 -2.06764 1.38574 4.92553 7.89792 5.32935 -15.8642 11.3088 6.43446 -26.7014 -12.3933 0.0885475 -6.34433 10.1096 4.1529 -10.1477 1.19481 -3.82948 12.4897 -22.5516 5.92921 17.2284 -10.4948 20.5478 -10.2416 -28.3509 
-0.487776 -2.67816 -7.2528 2.32575 -4.42315 -8.42697 6.79053 4.00062 3.82501 -4.17373 1.92024 1.54938 -4.6988 -2.33209 -7.74077 9.00447 -16.5736 -8.43047 1.2481 6.4579 -0.783165 -4.56882 -27.3368 -2.09112 -3.46865 -8.6854 9.02674 -4.03404 13.0328 -3.0947 -9.18503 -11.6411 1.92091 -19.2942 -15.9611 22.6877 -6.63948 -10.9972 2.78427 1.19481 129.453 13.8433 -0.0941237 -1.18849 -23.5598 -2.50067 -16.6089 -4.41651 -1.12978 -3.22715 
0.367802 -0.504609 0.94317 -1.98992 -0.504861 -1.50068 4.42337 0.515527 -0.283422 -0.186851 1.06871 -2.00907 -2.07942 0.539392 0.550298 0.35307 -2.10079 -0.714157 -2.29199 -0.191897 1.68053 -1.12058 -0.75353 -11.5159 -21.5579 -13.7519 -13.8479 7.44544 8.87252 31.8547 6.72074 -8.3323 0.0612434 8.9776 4.20382 -8.80822 -2.25171 22.3131 5.78235 -3.82948 13.8433 -79.1228 3.49072 9.0223 -4.78296 -4.98524 -4.6975 0.474586 9.45065 0.6685 
0.23414 0.812968 -0.756281 -1.54705 -7.46805 6.01727 0.48896 -1.77269 -1.20483 -6.26613 3.41943 3.33581 5.20617 -1.45914 -1.78259 1.89306 -0.689466 1.87155 -4.0824 5.46169 9.36718 5.09673 -4.52321 -17.6498 -3.86409 -9.33271 4.31661 4.17499 -5.65309 13.4063 -8.1708 -0.0218913 -10.5573 -18.0923 -4.56393 -23.8337 10.6163 24.4461 -3.11328 12.4897 -0.0941237 3.49072 36.5152 21.2133 -2.46452 -0.155574 19.0639 -12.177 10.0434 17.782 
-0.0800837 4.42759 4.13759 -0.0694703 3.26403 -0.919117 -4.80105 -1.89047 -0.429903 -0.368641 5.20704 -0.605913 -1.52912 5.5294 -2.29872 -4.40251 1.3337 3.26694 -4.33253 -1.39204 7.91776 1.22232 -2.46204 14.2961 -5.57313 -6.81018 15.6493 -13.859 2.58811 -11.8009 4.6467 -6.48237 -6.59162 -3.3154 1.0471 17.2199 -10.2031 -11.8291 -5.14531 -22.5516 -1.18849 9.0223 21.2133 68.923 11.6553 -5.30966 14.3874 -10.7855 11.7537 0.887793 
-0.0133972 3.52745 1.31094 -1.45047 -5.09075 5.85774 4.00282 -0.0465044 -1.98829 0.457454 -5.23195 2.5433 7.22481 -0.0447927 4.33215 -1.75783 0.552731 2.14081 -1.93095 0.298541 1.03062 3.3573 3.72533 -1.30797 -11.698 0.368889 5.12933 -10.755 -15.766 -7.45198 3.42657 2.69923 2.80556 -7.70681 10.6965 -7.54058 12.2285 -12.2408 -8.65912 5.92921 -23.5598 -4.78296 -2.46452 11.6553 71.0631 -4.4968 15.6801 -2.56014 -3.67018 4.14945 
0.119029 3.41724 -1.57317 3.51268 1.07504 1.24592 -2.08285 0.804364 1.69774 0.110753 -0.781117 0.0917445 2.4687 -0.875863 0.157861 -0.16459 6.08413 -0.797289 0.059592 0.211733 1.43827 1.64811 21.3259 -12.646 -4.31693 10.9751 -8.8891 21.0728 0.08972 -5.33545 -7.07826 -3.65647 -13.9036 9.84954 -8.49966 -6.88944 -7.58027 -3.06926 9.28717 17.2284 -2.50067 -4.98524 -0.155574 -5.30966 -4.4968 -36.1703 4.96001 -3.84779 -4.86514 0.858547 
0.0289454 -2.35403 1.20983 -2.44493 1.9953 -0.630538 2.57367 0.060495 -1.46179 1.08886 -1.00474 0.766697 4.58941 0.00213504 3.32699 0.4274 -3.32066 1.84558 0.422462 -0.144028 -2.00307 0.441968 -1.31827 -1.19488 -4.03722 8.53371 20.8987 1.71384 -2.00961 9.22744 13.0747 4.67726 -2.48783 -33.1645 18.116 -15.2876 -5.32402 2.89586 3.75714 -10.4948 -16.6089 -4.6975 19.0639 14.3874 15.6801 4.96001 -38.8015 1.15519 -2.05276 2.82116 
-0.0562298 0.679451 -4.96963 -3.11987 -1.16492 0.432873 3.54838 0.675709 -0.17547 -1.57374 1.42138 -1.06438 -0.38929 -4.25535 -2.5112 2.62133 -0.817852 0.0935374 -0.45461 2.93273 0.649866 -0.451187 -8.57589 -4.5916 12.5958 1.43065 2.33221 -0.00210531 -8.76251 7.80847 4.35359 -2.22023 -4.59228 25.8874 -0.757536 3.38569 6.48862 -3.00851 -11.9173 20.5478 -4.41651 0.474586 -12.177 -10.7855 -2.56014 -3.84779 1.15519 82.292 1.34742 -3.02161 
0.642847 -2.69888 1.61303 -0.94817 -0.610605 1.01044 2.2322 0.139701 -2.44949 0.426955 1.10912 -1.27921 -0.378637 1.39457 1.686 0.384971 -2.71331 2.23855 0.00996959 -1.08732 -0.280819 0.0825526 4.43912 5.20004 12.3818 -37.0158 -8.0292 -28.2994 -11.0643 13.5313 -7.74066 -4.26833 -38.0522 -12.0015 22.1885 -9.04976 -5.11796 -10.4539 -6.72658 -10.2416 -1.12978 9.45065 10.0434 11.7537 -3.67018 -4.86514 -2.05276 1.34742 12.9797 0.869195 
-0.146323 1.92144 -1.88491 -0.245648 2.64423 -2.58702 0.547367 0.778214 0.0791615 -0.235002 1.72857 -0.969379 1.02633 -0.477522 -0.703978 1.22226 -1.50153 -1.60239 -0.401116 1.5087 -0.266432 0 3.82351 16.264 5.2223 -1.00996 6.19123 13.0867 -13.9388 -13.7414 11.3526 -17.3528 27.6519 40.5269 -4.5918 4.11599 -6.47427 3.82885 13.2565 -28.3509 -3.22715 0.6685 17.782 0.887793 4.14945 0.858547 2.82116 -3.02161 0.869195 27.7294 
