2552.21 -0.916093 -1.86955 0.748459 0.227647 -2.42835 -1.90751 0.410837 0.769306 0.746456 -2.4288 1.29559 0.227625 -0.910969 -0.634735 2.33853 0.295326 0.283757 -1.12772 1.95258 0.844199 0.259407 3.0266 2.47483 0.347878 0.382078 -0.304586 0.0721312 0.826877 -1.5157 -2.23144 -1.76365 0.195019 0.371789 0.0958815 -0.345104 -1.1699 -0.39613 -0.432491 -0.761759 -0.786029 -0.405968 -0.0754278 0.0924206 0.000327133 -0.133178 0.0115001 -0.0583764 0.700069 0.212975 
-0.916093 -296.603 -24.2803 -27.0255 -17.4121 7.34879 -1.61134 24.8108 6.17093 -20.9213 17.6269 4.10222 5.0544 19.8053 -8.56034 11.9918 -0.180822 -12.5408 -7.09224 -24.2626 -4.56921 -0.466945 -1.67211 3.32469 -10.2668 2.42544 -2.52692 3.40937 0.593251 -4.30784 -2.70122 -9.98426 -5.64707 8.64922 4.23654 3.90973 -1.2131 -0.649532 13.0932 -2.29903 -3.10783 -0.522572 0.431693 5.77091 4.18424 1.95308 -1.09275 -0.0562421 -2.10876 2.4071 
-1.86955 -24.2803 -319.779 2.82557 8.63101 -2.19048 -5.12253 10.6299 -0.344976 3.22062 -7.05539 18.9963 -5.26544 -5.83567 -7.75164 -2.59284 3.86859 -6.97455 4.86753 -7.25209 -2.95045 1.74838 -2.59584 3.66745 1.28352 -9.88838 -0.168158 1.63393 -6.837 4.65665 3.96021 -10.0322 -9.04698 8.49224 4.75826 -3.87815 -1.33155 0.828351 14.0328 -4.88246 -8.77541 -1.08757 -1.35468 3.9843 1.7984 -1.77967 1.68985 -4.80154 -0.465083 -1.53956 
0.748459 -27.0255 2.82557 278.548 -15.6399 15.6601 3.86741 9.49102 4.77517 16.6219 -34.8869 -16.256 3.27929 2.15567 6.13275 -6.18068 -4.92059 0.226065 -23.6785 11.0573 1.25339 -10.3989 -8.65423 -2.53528 0.830289 0.882624 -11.3358 -6.46112 1.23439 0.96034 -15.1512 6.59779 8.1779 -3.5858 -5.14011 2.13616 0.619622 -1.19408 3.39549 2.03649 1.45712 -1.26131 -0.911778 1.80992 -0.12424 2.89793 -0.451101 -4.10824 -0.0564615 0.280664 
0.227647 -17.4121 8.63101 -15.6399 -301.294 13.9393 -4.0269 -3.93282 -12.5431 1.5365 8.92323 -22.9085 0.793637 17.0425 -1.50924 0.326376 1.12766 2.85736 7.38966 -12.3323 -9.48808 -5.86336 0.316469 -3.19574 -12.3276 9.52362 -1.94782 10.2002 -1.71525 -10.7599 -3.51512 -2.08547 5.58201 5.33387 -7.19673 8.26079 3.65062 4.10946 0.552464 -1.5558 -3.93864 2.09055 -7.09031 4.77061 -4.55332 0.282273 3.24575 -2.19774 1.61509 2.42409 
-2.42835 7.34879 -2.19048 15.6601 13.9393 -249.016 15.1481 7.66192 21.3005 7.33533 -2.47636 17.0191 4.15775 -26.1417 -11.9776 -0.828631 -8.70664 -0.271455 -9.46188 12.866 6.59631 4.30608 -2.94166 -7.23559 -2.94483 2.88917 2.2729 -14.0353 -1.91236 -1.58477 -9.25112 3.00432 5.18137 -6.69963 -0.347183 0.706712 1.22006 -6.84079 5.29712 -0.542548 -7.64575 1.82656 7.00159 -1.34488 5.62788 2.19491 -0.883607 0.358375 1.66141 -3.66509 
-1.90751 -1.61134 -5.12253 3.86741 -4.0269 15.1481 -263.683 -10.3824 -6.0447 -0.252727 6.96613 -1.25719 12.2869 11.734 -0.264026 25.6003 1.88353 3.48159 14.9873 -3.87753 -3.09302 -1.98254 13.2268 6.50414 5.03976 0.595625 4.75668 16.7964 6.06375 -7.01267 -8.41931 -5.4927 -1.16432 -3.85912 1.4821 4.55065 -4.30787 2.91518 -11.9724 -8.97063 6.66674 2.14472 -0.473385 -5.5748 3.23978 -1.93974 1.11094 4.25801 1.95164 1.16218 
0.410837 24.8108 10.6299 9.49102 -3.93282 7.66192 -10.3824 -333.998 6.44144 11.4227 1.79386 -4.05557 0.944337 -3.11341 -6.15901 2.28311 1.26866 -0.201171 -1.38809 2.43767 3.3517 1.20736 -6.03266 5.03321 7.43428 -0.75164 -2.48025 2.64568 3.20739 -1.06484 2.17721 -0.482046 3.3406 1.6785 0.770414 -3.91091 0.454737 0.848317 -2.30388 0.579485 4.30423 -2.0864 -2.0975 -1.57693 -0.246578 -0.222258 -0.284149 1.0962 -0.0421557 1.43159 
0.769306 6.17093 -0.344976 4.77517 -12.5431 21.3005 -6.0447 6.44144 373.69 8.1989 9.049 3.43217 -0.0527305 -1.73978 -1.22836 -4.65409 9.85793 4.15258 -10.4421 8.67702 -0.75351 -5.93208 -10.1826 -0.0666557 -2.43564 -1.89805 -1.56771 4.12301 8.15581 6.6841 5.72442 1.48711 8.93998 3.22781 -6.28947 1.50972 0.741281 2.45605 4.29417 0.151798 4.39976 -0.329107 -1.05109 -0.208006 -1.78194 0.958406 -0.910587 -0.290396 -2.79847 -0.044723 
0.746456 -20.9213 3.22062 16.6219 1.5365 7.33533 -0.252727 11.4227 8.1989 313.029 6.70122 2.39925 -0.920756 -0.665954 -6.20071 3.58005 -4.67866 2.37297 1.47388 -8.42733 -4.14345 4.42141 -4.68969 -5.48991 5.1904 -7.31029 -1.8932 -1.61469 -4.28049 3.23088 1.04433 2.1127 -2.75185 -5.67466 2.46573 -7.88326 4.83623 4.04032 3.98545 3.92966 -5.12747 0.453411 -5.70474 -0.951848 0.902381 1.40976 1.42625 -1.51301 -0.860625 -0.714847 
-2.4288 17.6269 -7.05539 -34.8869 8.92323 -2.47636 6.96613 1.79386 9.049 6.70122 -281.854 -16.3792 -9.70605 2.17968 4.18524 -13.5206 7.08312 -0.0593127 12.1643 9.24251 5.36936 2.52692 2.06005 5.3709 5.33052 -6.34466 -4.5598 -1.20916 6.8396 -3.81018 -2.1543 -1.99647 -6.28429 -3.91323 4.81496 -5.3025 -2.32405 -0.590915 -3.59379 -2.12841 0.331277 -1.76394 2.69293 5.63401 -4.70569 -1.19786 -0.44945 1.39005 -0.0364372 2.80383 
1.29559 4.10222 18.9963 -16.256 -22.9085 17.0191 -1.25719 -4.05557 3.43217 2.39925 -16.3792 295.032 8.50046 -1.12369 9.01818 -6.84329 -9.01711 -10.7484 1.41763 -5.66922 -1.53359 -2.09055 3.9508 -9.47556 9.7777 4.74283 2.30928 -10.3605 -0.457899 -2.09399 3.35886 -3.0507 -8.82437 -0.490621 7.58853 -5.75652 -6.24343 -2.66375 6.20975 -2.8992 2.39038 0.77767 4.56985 -1.793 1.74509 2.47109 -0.701472 -0.554275 -0.327751 -2.0336 
0.227625 5.0544 -5.26544 3.27929 0.793637 4.15775 12.2869 0.944337 -0.0527305 -0.920756 -9.70605 8.50046 232.76 0.701839 -15.3794 21.1092 -22.3571 -3.7223 -2.39426 -14.8747 -0.360888 1.24497 8.21075 4.5406 1.55986 12.6305 8.07521 -0.684146 1.97638 -20.0061 -5.1495 -13.5843 -0.777411 7.07486 4.61321 -3.85319 -4.31305 0.810201 0.192278 -12.3366 -2.91031 -2.51818 4.90845 -1.88333 5.67805 1.91916 2.36918 0.446287 1.59639 0.98251 
-0.910969 19.8053 -5.83567 2.15567 17.0425 -26.1417 11.734 -3.11341 -1.73978 -0.665954 2.17968 -1.12369 0.701839 247.44 18.0279 -8.48001 2.70205 9.84693 10.0345 -5.36082 -7.96216 -5.35247 16.2301 0.743828 1.58161 -0.274263 7.29572 -1.1687 2.85001 8.94929 1.76754 10.0803 3.73029 0.138779 3.29506 -3.65536 -0.908698 4.90507 -0.913107 -3.88514 -2.87866 0.300743 -1.94724 4.16776 -0.795782 0.588423 -1.33315 -3.73408 0.925165 -0.646759 
-0.634735 -8.56034 -7.75164 6.13275 -1.50924 -11.9776 -0.264026 -6.15901 -1.22836 -6.20071 4.18524 9.01818 -15.3794 18.0279 -222.418 20.87 -12.8976 -2.05708 4.59239 -8.31995 -3.48864 7.81965 -19.9709 6.04202 -3.84121 -4.59549 -8.06504 5.53131 -15.5855 -15.285 -11.0399 4.61107 -1.69676 4.45753 2.47069 3.56492 2.51393 -1.89323 1.59111 -6.29412 -8.38514 -1.58825 -2.10619 -0.097733 5.64895 -2.73159 5.39804 -3.07005 1.12559 0.139627 
2.33853 11.9918 -2.59284 -6.18068 0.326376 -0.828631 25.6003 2.28311 -4.65409 3.58005 -13.5206 -6.84329 21.1092 -8.48001 20.87 240.856 -8.51699 8.84595 1.98016 -5.0737 3.79709 3.61637 4.5518 9.3533 -2.23739 -3.4344 -1.53795 -0.887399 8.62635 -7.80022 -18.1285 -6.66769 4.71201 2.87867 -10.1966 15.2319 -0.606054 0.207855 -6.23363 -1.16339 8.1373 -2.83486 0.656781 -3.87452 -1.36219 -1.5452 0.969281 2.50569 -0.401623 2.45426 
0.295326 -0.180822 3.86859 -4.92059 1.12766 -8.70664 1.88353 1.26866 9.85793 -4.67866 7.08312 -9.01711 -22.3571 2.70205 -12.8976 -8.51699 -232.544 1.88986 -31.0411 2.3948 -3.27006 2.68769 25.4868 -4.64473 -4.39376 21.0989 0.25892 -19.4428 -8.87929 -18.5536 -7.79534 11.6288 3.0844 -3.49273 -0.633998 -7.9888 -4.27496 -3.26681 0.373396 5.15538 -16.5985 1.85563 -0.12331 2.00078 0.0485798 7.45763 -3.92654 -1.58133 1.71095 -1.4779 
0.283757 -12.5408 -6.97455 0.226065 2.85736 -0.271455 3.48159 -0.201171 4.15258 2.37297 -0.0593127 -10.7484 -3.7223 9.84693 -2.05708 8.84595 1.88986 203.79 14.0147 17.3045 -1.58639 -1.44307 28.0085 0.783557 -13.4607 31.4248 15.5372 2.78413 6.59991 2.82102 -3.8138 -4.15348 19.4401 6.60333 -10.758 14.705 2.47997 1.46547 -15.6223 1.67703 -4.77701 3.03166 1.77258 3.07955 -0.412266 -0.885568 -1.21291 0.331048 7.88765 -2.37024 
-1.12772 -7.09224 4.86753 -23.6785 7.38966 -9.46188 14.9873 -1.38809 -10.4421 1.47388 12.1643 1.41763 -2.39426 10.0345 4.59239 1.98016 -31.0411 14.0147 -229.419 2.64581 -1.8815 -2.69254 -1.69731 2.23182 9.34318 1.42769 -10.5747 0.121552 8.81874 -2.923 -1.48579 -2.27245 2.0781 5.03571 -2.94 -2.38844 -3.58278 1.42021 6.78839 5.2531 0.0791891 -4.16275 -4.05313 -2.77566 -1.10538 -0.560987 1.36572 -0.849302 0.827419 0.772613 
1.95258 -24.2626 -7.25209 11.0573 -12.3323 12.866 -3.87753 2.43767 8.67702 -8.42733 9.24251 -5.66922 -14.8747 -5.36082 -8.31995 -5.0737 2.3948 17.3045 2.64581 258.752 5.33355 -3.39912 1.1689 5.83318 -4.2088 8.99045 2.36799 -4.39772 2.32889 -5.00905 -2.07711 -4.40195 10.2493 0.991838 -6.7839 12.2346 -3.9147 -4.5568 -0.583876 -5.40285 8.09936 -1.04747 4.97836 -0.786652 -0.386981 -1.45264 -0.77245 3.0466 0.479212 1.91249 
0.844199 -4.56921 -2.95045 1.25339 -9.48808 6.59631 -3.09302 3.3517 -0.75351 -4.14345 5.36936 -1.53359 -0.360888 -7.96216 -3.48864 3.79709 -3.27006 -1.58639 -1.8815 5.33355 98.1563 2.80526 32.1924 15.374 -1.50738 1.0077 9.97656 2.92433 12.5973 -14.607 -4.86296 -9.91037 -3.25303 16.9191 19.1683 -8.70348 -8.05259 -3.6776 -4.70313 -16.0763 -2.23932 -2.62048 6.97036 6.75843 -0.10122 1.37645 -3.89598 1.39004 -0.97571 1.22886 
0.259407 -0.466945 1.74838 -10.3989 -5.86336 4.30608 -1.98254 1.20736 -5.93208 4.42141 2.52692 -2.09055 1.24497 -5.35247 7.81965 3.61637 2.68769 -1.44307 -2.69254 -3.39912 2.80526 -142.161 18.1283 -7.7935 1.39439 19.3967 4.04734 5.65479 -12.3638 -19.2382 -15.2969 1.25869 13.4193 -5.31148 -1.42323 3.95286 -4.24817 -3.97866 -2.38289 -3.64205 -3.15194 3.28175 6.14561 1.07548 2.2057 3.46539 -1.24405 -0.485206 4.00723 -0.766978 
3.0266 -1.67211 -2.59584 -8.65423 0.316469 -2.94166 13.2268 -6.03266 -10.1826 -4.68969 2.06005 3.9508 8.21075 16.2301 -19.9709 4.5518 25.4868 28.0085 -1.69731 1.1689 32.1924 18.1283 -241.627 -1.2969 1.44733 -8.65171 0.517529 -1.20929 7.88552 1.17249 3.16543 -2.95587 -3.36692 -3.75704 -4.88642 0.845089 2.60625 -0.956566 -0.661213 -0.3163 -0.373094 0.304886 -0.475494 -0.874259 0.426235 0.773088 0.183839 0.186003 -1.80077 -0.156501 
2.47483 3.32469 3.66745 -2.53528 -3.19574 -7.23559 6.50414 5.03321 -0.0666557 -5.48991 5.3709 -9.47556 4.5406 0.743828 6.04202 9.3533 -4.64473 0.783557 2.23182 5.83318 15.374 -7.7935 -1.2969 -155.486 -8.0414 -10.9314 -3.96211 -2.05085 0.530687 19.7503 -0.116237 6.01517 -4.60376 -2.39894 3.07146 -4.73064 6.30299 8.72127 5.91183 7.62107 1.30491 1.82795 -1.89891 -0.0154202 0.648575 0.409471 1.76081 -0.54383 -1.97401 0.324178 
0.347878 -10.2668 1.28352 0.830289 -12.3276 -2.94483 5.03976 7.43428 -2.43564 5.1904 5.33052 9.7777 1.55986 1.58161 -3.84121 -2.23739 -4.39376 -13.4607 9.34318 -4.2088 -1.50738 1.39439 1.44733 -8.0414 -158.962 5.51417 3.56825 -3.41685 -6.06047 3.1132 1.27423 2.12467 3.37489 -1.58665 -3.46328 5.244 -1.06562 1.79665 -1.47421 -4.00603 0.0830526 0.505653 3.41148 2.8687 1.1721 0.541164 -0.964967 0.364681 0.903326 -0.325541 
0.382078 2.42544 -9.88838 0.882624 9.52362 2.88917 0.595625 -0.75164 -1.89805 -7.31029 -6.34466 4.74283 12.6305 -0.274263 -4.59549 -3.4344 21.0989 31.4248 1.42769 8.99045 1.0077 19.3967 -8.65171 -10.9314 5.51417 195.974 -0.279242 4.22162 0.881057 -5.85687 -1.4723 1.62913 13.2229 5.91384 -5.76792 3.12481 -0.388605 1.52152 0.301795 4.07169 -1.64817 -2.51075 -1.9911 -0.762908 0.904926 0.596141 0.0450914 -0.266038 0.0182031 0.0246382 
-0.304586 -2.52692 -0.168158 -11.3358 -1.94782 2.2729 4.75668 -2.48025 -1.56771 -1.8932 -4.5598 2.30928 8.07521 7.29572 -8.06504 -1.53795 0.25892 15.5372 -10.5747 2.36799 9.97656 4.04734 0.517529 -3.96211 3.56825 -0.279242 137.944 -0.97939 -14.4165 7.03126 1.1561 6.21542 6.87244 -6.77706 -4.48523 9.27907 1.62232 0.529866 -3.73886 -9.90206 -4.92013 1.01147 9.45941 4.98795 2.55342 1.22985 -0.0805321 -0.0282051 -0.007414 0 
0.0721312 3.40937 1.63393 -6.46112 10.2002 -14.0353 16.7964 2.64568 4.12301 -1.61469 -1.20916 -10.3605 -0.684146 -1.1687 5.53131 -0.887399 -19.4428 2.78413 0.121552 -4.39772 2.92433 5.65479 -1.20929 -2.05085 -3.41685 4.22162 -0.97939 -85.9563 -0.186699 1.29924 -1.47017 0 -18.0517 -4.48537 -9.5255 -3.37118 -8.46095 -1.95229 4.91303 -2.03962 -2.93098 13.5491 4.75944 -12.0904 -6.40895 19.4268 5.00375 0.512047 -29.9335 15.2151 
0.826877 0.593251 -6.837 1.23439 -1.71525 -1.91236 6.06375 3.20739 8.15581 -4.28049 6.8396 -0.457899 1.97638 2.85001 -15.5855 8.62635 -8.87929 6.59991 8.81874 2.32889 12.5973 -12.3638 7.88552 0.530687 -6.06047 0.881057 -14.4165 -0.186699 153.917 4.95309 4.48532 11.5629 -15.4224 18.7679 -16.4032 -12.2117 -5.33566 9.22206 -4.42974 8.55205 7.47151 6.2375 -8.37143 2.4663 -13.8873 3.39397 3.03048 -10.063 -19.8813 -10.8412 
-1.5157 -4.30784 4.65665 0.96034 -10.7599 -1.58477 -7.01267 -1.06484 6.6841 3.23088 -3.81018 -2.09399 -20.0061 8.94929 -15.285 -7.80022 -18.5536 2.82102 -2.923 -5.00905 -14.607 -19.2382 1.17249 19.7503 3.1132 -5.85687 7.03126 1.29924 4.95309 113.517 7.11455 7.49863 1.91287 5.59576 10.2774 17.4954 -21.5913 -11.0838 1.85347 5.05068 -4.77431 27.9924 9.71605 -16.6155 -9.3211 -3.77968 5.21115 8.7801 6.67228 -11.6881 
-2.23144 -2.70122 3.96021 -15.1512 -3.51512 -9.25112 -8.41931 2.17721 5.72442 1.04433 -2.1543 3.35886 -5.1495 1.76754 -11.0399 -18.1285 -7.79534 -3.8138 -1.48579 -2.07711 -4.86296 -15.2969 3.16543 -0.116237 1.27423 -1.4723 1.1561 -1.47017 4.48532 7.11455 -114.22 15.704 -14.1567 10.0124 6.39637 15.2602 -15.2573 7.76962 -15.6987 -23.0149 1.38074 7.6746 -2.44371 4.25367 5.8427 -13.8314 11.6707 7.19912 -4.97837 -1.22082 
-1.76365 -9.98426 -10.0322 6.59779 -2.08547 3.00432 -5.4927 -0.482046 1.48711 2.1127 -1.99647 -3.0507 -13.5843 10.0803 4.61107 -6.66769 11.6288 -4.15348 -2.27245 -4.40195 -9.91037 1.25869 -2.95587 6.01517 2.12467 1.62913 6.21542 0 11.5629 7.49863 15.704 -159.879 9.91527 -11.503 12.6457 11.6003 -9.33934 -4.23071 2.62231 6.85773 -1.07266 -4.33329 8.12067 -12.9495 -0.135179 -1.13295 0.976966 0.845676 -7.65066 -23.4956 
0.195019 -5.64707 -9.04698 8.1779 5.58201 5.18137 -1.16432 3.3406 8.93998 -2.75185 -6.28429 -8.82437 -0.777411 3.73029 -1.69676 4.71201 3.0844 19.4401 2.0781 10.2493 -3.25303 13.4193 -3.36692 -4.60376 3.37489 13.2229 6.87244 -18.0517 -15.4224 1.91287 -14.1567 9.91527 -67.1174 -25.5788 -5.26277 6.23544 -0.454847 -8.05254 23.076 6.68557 6.06251 4.38242 -5.98755 -7.76145 3.89521 -9.43061 -2.97244 -5.06735 -38.5768 22.2485 
0.371789 8.64922 8.49224 -3.5858 5.33387 -6.69963 -3.85912 1.6785 3.22781 -5.67466 -3.91323 -0.490621 7.07486 0.138779 4.45753 2.87867 -3.49273 6.60333 5.03571 0.991838 16.9191 -5.31148 -3.75704 -2.39894 -1.58665 5.91384 -6.77706 -4.48537 18.7679 5.59576 10.0124 -11.503 -25.5788 -72.1457 -16.3922 13.0368 -6.05064 -17.2932 16.1283 -27.8659 -16.6643 7.86094 -18.049 -2.84552 -7.34071 8.93685 -32.2759 24.6702 -13.3807 40.0062 
0.0958815 4.23654 4.75826 -5.14011 -7.19673 -0.347183 1.4821 0.770414 -6.28947 2.46573 4.81496 7.58853 4.61321 3.29506 2.47069 -10.1966 -0.633998 -10.758 -2.94 -6.7839 19.1683 -1.42323 -4.88642 3.07146 -3.46328 -5.76792 -4.48523 -9.5255 -16.4032 10.2774 6.39637 12.6457 -5.26277 -16.3922 129.047 2.13777 -14.7109 -15.1132 -19.3419 -11.5376 -20.6525 4.99382 -7.70231 -5.85706 8.96287 -1.887 6.97466 -2.89634 17.2574 -5.36287 
-0.345104 3.90973 -3.87815 2.13616 8.26079 0.706712 4.55065 -3.91091 1.50972 -7.88326 -5.3025 -5.75652 -3.85319 -3.65536 3.56492 15.2319 -7.9888 14.705 -2.38844 12.2346 -8.70348 3.95286 0.845089 -4.73064 5.244 3.12481 9.27907 -3.37118 -12.2117 17.4954 15.2602 11.6003 6.23544 13.0368 2.13777 -57.6356 8.42841 16.3235 23.8037 4.98283 22.2034 -0.725333 -21.0546 17.2214 -4.00842 -2.84574 -15.2226 -2.07123 -7.70554 -1.25592 
-1.1699 -1.2131 -1.33155 0.619622 3.65062 1.22006 -4.30787 0.454737 0.741281 4.83623 -2.32405 -6.24343 -4.31305 -0.908698 2.51393 -0.606054 -4.27496 2.47997 -3.58278 -3.9147 -8.05259 -4.24817 2.60625 6.30299 -1.06562 -0.388605 1.62232 -8.46095 -5.33566 -21.5913 -15.2573 -9.33934 -0.454847 -6.05064 -14.7109 8.42841 -35.0537 -15.8538 4.62921 -6.55112 -1.69671 3.22886 15.3792 -8.00335 14.1659 -9.74566 -2.6513 4.17868 -0.556881 -10.8481 
-0.39613 -0.649532 0.828351 -1.19408 4.10946 -6.84079 2.91518 0.848317 2.45605 4.04032 -0.590915 -2.66375 0.810201 4.90507 -1.89323 0.207855 -3.26681 1.46547 1.42021 -4.5568 -3.6776 -3.97866 -0.956566 8.72127 1.79665 1.52152 0.529866 -1.95229 9.22206 -11.0838 7.76962 -4.23071 -8.05254 -17.2932 -15.1132 16.3235 -15.8538 -21.2905 1.87556 10.921 -11.7763 20.3755 20.639 -10.5112 -12.4817 -7.90159 1.71424 -3.18683 -9.25788 7.69348 
-0.432491 13.0932 14.0328 3.39549 0.552464 5.29712 -11.9724 -2.30388 4.29417 3.98545 -3.59379 6.20975 0.192278 -0.913107 1.59111 -6.23363 0.373396 -15.6223 6.78839 -0.583876 -4.70313 -2.38289 -0.661213 5.91183 -1.47421 0.301795 -3.73886 4.91303 -4.42974 1.85347 -15.6987 2.62231 23.076 16.1283 -19.3419 23.8037 4.62921 1.87556 115.96 6.16498 2.63148 7.33908 -5.77116 -8.66325 -10.0809 9.52347 -9.6305 -12.8728 -5.37181 13.3293 
-0.761759 -2.29903 -4.88246 2.03649 -1.5558 -0.542548 -8.97063 0.579485 0.151798 3.92966 -2.12841 -2.8992 -12.3366 -3.88514 -6.29412 -1.16339 5.15538 1.67703 5.2531 -5.40285 -16.0763 -3.64205 -0.3163 7.62107 -4.00603 4.07169 -9.90206 -2.03962 8.55205 5.05068 -23.0149 6.85773 6.68557 -27.8659 -11.5376 4.98283 -6.55112 10.921 6.16498 -8.86971 -0.784294 -2.2847 12.926 -21.8449 7.44951 17.2434 -8.55274 18.5599 -8.56237 -27.4013 
-0.786029 -3.10783 -8.77541 1.45712 -3.93864 -7.64575 6.66674 4.30423 4.39976 -5.12747 0.331277 2.39038 -2.91031 -2.87866 -8.38514 8.1373 -16.5985 -4.77701 0.0791891 8.09936 -2.23932 -3.15194 -0.373094 1.30491 0.0830526 -1.64817 -4.92013 -2.93098 7.47151 -4.77431 1.38074 -1.07266 6.06251 -16.6643 -20.6525 22.2034 -1.69671 -11.7763 2.63148 -0.784294 131.941 10.6541 -0.259286 -0.00592808 -22.8285 -3.66926 -10.1845 -4.92344 -5.01411 -1.74253 
-0.405968 -0.522572 -1.08757 -1.26131 2.09055 1.82656 2.14472 -2.0864 -0.329107 0.453411 -1.76394 0.77767 -2.51818 0.300743 -1.58825 -2.83486 1.85563 3.03166 -4.16275 -1.04747 -2.62048 3.28175 0.304886 1.82795 0.505653 -2.51075 1.01147 13.5491 6.2375 27.9924 7.6746 -4.33329 4.38242 7.86094 4.99382 -0.725333 3.22886 20.3755 7.33908 -2.2847 10.6541 -71.9956 9.81199 6.93062 -2.56086 2.33812 -1.47796 -3.44319 8.41122 -4.98239 
-0.0754278 0.431693 -1.35468 -0.911778 -7.09031 7.00159 -0.473385 -2.0975 -1.05109 -5.70474 2.69293 4.56985 4.90845 -1.94724 -2.10619 0.656781 -0.12331 1.77258 -4.05313 4.97836 6.97036 6.14561 -0.475494 -1.89891 3.41148 -1.9911 9.45941 4.75944 -8.37143 9.71605 -2.44371 8.12067 -5.98755 -18.049 -7.70231 -21.0546 15.3792 20.639 -5.77116 12.926 -0.259286 9.81199 38.7359 19.4125 -2.66044 2.77346 18.3661 -11.7466 8.59087 14.8155 
0.0924206 5.77091 3.9843 1.80992 4.77061 -1.34488 -5.5748 -1.57693 -0.208006 -0.951848 5.63401 -1.793 -1.88333 4.16776 -0.097733 -3.87452 2.00078 3.07955 -2.77566 -0.786652 6.75843 1.07548 -0.874259 -0.0154202 2.8687 -0.762908 4.98795 -12.0904 2.4663 -16.6155 4.25367 -12.9495 -7.76145 -2.84552 -5.85706 17.2214 -8.00335 -10.5112 -8.66325 -21.8449 -0.00592808 6.93062 19.4125 67.7578 11.0043 -4.78105 9.69452 -9.81046 7.76459 -0.128618 
0.000327133 4.18424 1.7984 -0.12424 -4.55332 5.62788 3.23978 -0.246578 -1.78194 0.902381 -4.70569 1.74509 5.67805 -0.795782 5.64895 -1.36219 0.0485798 -0.412266 -1.10538 -0.386981 -0.10122 2.2057 0.426235 0.648575 1.1721 0.904926 2.55342 -6.40895 -13.8873 -9.3211 5.8427 -0.135179 3.89521 -7.34071 8.96287 -4.00842 14.1659 -12.4817 -10.0809 7.44951 -22.8285 -2.56086 -2.66044 11.0043 70.3867 -3.83927 11.1907 -2.44361 -2.81053 2.44482 
-0.133178 1.95308 -1.77967 2.89793 0.282273 2.19491 -1.93974 -0.222258 0.958406 1.40976 -1.19786 2.47109 1.91916 0.588423 -2.73159 -1.5452 7.45763 -0.885568 -0.560987 -1.45264 1.37645 3.46539 0.773088 0.409471 0.541164 0.596141 1.22985 19.4268 3.39397 -3.77968 -13.8314 -1.13295 -9.43061 8.93685 -1.887 -2.84574 -9.74566 -7.90159 9.52347 17.2434 -3.66926 2.33812 2.77346 -4.78105 -3.83927 -32.096 5.49546 -4.71476 -1.62967 -1.74502 
0.0115001 -1.09275 1.68985 -0.451101 3.24575 -0.883607 1.11094 -0.284149 -0.910587 1.42625 -0.44945 -0.701472 2.36918 -1.33315 5.39804 0.969281 -3.92654 -1.21291 1.36572 -0.77245 -3.89598 -1.24405 0.183839 1.76081 -0.964967 0.0450914 -0.0805321 5.00375 3.03048 5.21115 11.6707 0.976966 -2.97244 -32.2759 6.97466 -15.2226 -2.6513 1.71424 -9.6305 -8.55274 -10.1845 -1.47796 18.3661 9.69452 11.1907 5.49546 -44.2401 0.616439 -1.43671 0.771496 
-0.0583764 -0.0562421 -4.80154 -4.10824 -2.19774 0.358375 4.25801 1.0962 -0.290396 -1.51301 1.39005 -0.554275 0.446287 -3.73408 -3.07005 2.50569 -1.58133 0.331048 -0.849302 3.0466 1.39004 -0.485206 0.186003 -0.54383 0.364681 -0.266038 -0.0282051 0.512047 -10.063 8.7801 7.19912 0.845676 -5.06735 24.6702 -2.89634 -2.07123 4.17868 -3.18683 -12.8728 18.5599 -4.92344 -3.44319 -11.7466 -9.81046 -2.44361 -4.71476 0.616439 82.8633 1.92602 -1.66679 
0.700069 -2.10876 -0.465083 -0.0564615 1.61509 1.66141 1.95164 -0.0421557 -2.79847 -0.860625 -0.0364372 -0.327751 1.59639 0.925165 1.12559 -0.401623 1.71095 7.88765 0.827419 0.479212 -0.97571 4.00723 -1.80077 -1.97401 0.903326 0.0182031 -0.007414 -29.9335 -19.8813 6.67228 -4.97837 -7.65066 -38.5768 -13.3807 17.2574 -7.70554 -0.556881 -9.25788 -5.37181 -8.56237 -5.01411 8.41122 8.59087 7.76459 -2.81053 -1.62967 -1.43671 1.92602 4.9837 -0.0840281 
0.212975 2.4071 -1.53956 0.280664 2.42409 -3.66509 1.16218 1.43159 -0.044723 -0.714847 2.80383 -2.0336 0.98251 -0.646759 0.139627 2.45426 -1.4779 -2.37024 0.772613 1.91249 1.22886 -0.766978 -0.156501 0.324178 -0.325541 0.0246382 0 15.2151 -10.8412 -11.6881 -1.22082 -23.4956 22.2485 40.0062 -5.36287 -1.25592 -10.8481 7.69348 13.3293 -27.4013 -1.74253 -4.98239 14.8155 -0.128618 2.44482 -1.74502 0.771496 -1.66679 -0.0840281 29.0493 
