2552.21 -0.916093 -1.86955 0.748459 0.227647 -2.42835 -1.90751 0.410837 0.769306 0.746456 -2.4288 1.29559 0.227625 -0.910969 -0.634735 2.33853 0.295326 0.283757 -1.12772 1.95258 0.844199 0.259407 3.0266 2.47483 0.347878 0.382078 -0.304586 0.323369 0.0212719 -0.729265 -2.61941 -1.0224 1.19632 0.42509 -0.810247 -0.553693 -0.489465 -0.450949 -1.11967 -0.0725873 -1.0012 -0.019822 -0.204413 0.360318 -0.0788256 -0.222671 0.339222 0.247297 0.630973 0.634315 
-0.916093 -296.603 -24.2803 -27.0255 -17.4121 7.34879 -1.61134 24.8108 6.17093 -20.9213 17.6269 4.10222 5.0544 19.8053 -8.56034 11.9918 -0.180822 -12.5408 -7.09224 -24.2626 -4.56921 -0.466945 -1.67211 3.32469 -10.2668 2.42544 -2.52692 1.11721 -1.83465 -10.0402 -7.51805 -7.00864 -3.58902 0.329992 0.0628738 -0.000641108 -4.87723 -3.21414 7.78415 -5.17159 -5.13492 -0.882051 2.43383 6.7949 3.86723 5.46939 -4.53465 5.66422 -1.79212 2.60036 
-1.86955 -24.2803 -319.779 2.82557 8.63101 -2.19048 -5.12253 10.6299 -0.344976 3.22062 -7.05539 18.9963 -5.26544 -5.83567 -7.75164 -2.59284 3.86859 -6.97455 4.86753 -7.25209 -2.95045 1.74838 -2.59584 3.66745 1.28352 -9.88838 -0.168158 1.13376 -7.75237 -7.00766 -1.11029 -7.73549 -7.25481 3.06547 4.1392 -7.90836 -6.45137 -1.87446 13.3827 -9.39968 -8.15369 -2.14689 -0.322422 4.48427 0.26497 1.16936 -2.66501 -1.33258 -0.589831 -2.29586 
0.748459 -27.0255 2.82557 278.548 -15.6399 15.6601 3.86741 9.49102 4.77517 16.6219 -34.8869 -16.256 3.27929 2.15567 6.13275 -6.18068 -4.92059 0.226065 -23.6785 11.0573 1.25339 -10.3989 -8.65423 -2.53528 0.830289 0.882624 -11.3358 -2.48156 2.97851 -1.73913 -8.51987 8.66898 8.38614 3.4295 -3.32955 4.80534 8.26573 -0.115158 4.94508 7.82411 0.752945 -0.911839 -1.66836 2.34994 -0.114671 0.504409 3.69265 -4.33782 0.44304 0.446933 
0.227647 -17.4121 8.63101 -15.6399 -301.294 13.9393 -4.0269 -3.93282 -12.5431 1.5365 8.92323 -22.9085 0.793637 17.0425 -1.50924 0.326376 1.12766 2.85736 7.38966 -12.3323 -9.48808 -5.86336 0.316469 -3.19574 -12.3276 9.52362 -1.94782 10.1274 0.24935 -4.55153 -4.66286 0.294984 -4.02681 -4.33309 -13.1799 7.62843 1.50422 1.99153 -0.606746 -2.8749 -4.72788 5.53298 -6.42878 3.95591 -4.87194 3.43911 -0.463574 0.764428 -0.618152 4.00126 
-2.42835 7.34879 -2.19048 15.6601 13.9393 -249.016 15.1481 7.66192 21.3005 7.33533 -2.47636 17.0191 4.15775 -26.1417 -11.9776 -0.828631 -8.70664 -0.271455 -9.46188 12.866 6.59631 4.30608 -2.94166 -7.23559 -2.94483 2.88917 2.2729 -11.0268 -6.44311 -0.408327 -5.00567 2.81062 8.92919 4.37714 -1.4804 3.97713 8.40533 -4.1555 3.50733 5.4036 -6.40128 -0.469923 6.57827 0.533441 4.21676 -2.03175 4.71452 -0.715829 3.54716 -5.33333 
-1.90751 -1.61134 -5.12253 3.86741 -4.0269 15.1481 -263.683 -10.3824 -6.0447 -0.252727 6.96613 -1.25719 12.2869 11.734 -0.264026 25.6003 1.88353 3.48159 14.9873 -3.87753 -3.09302 -1.98254 13.2268 6.50414 5.03976 0.595625 4.75668 7.63149 2.98819 2.11981 -14.0109 -2.91644 3.63777 -13.2376 -2.5111 -1.77035 -3.70433 4.2805 -13.1453 -5.71221 6.3979 6.63196 -1.32425 -5.53364 3.26908 -0.31175 0.215067 3.81658 0.162836 4.86858 
0.410837 24.8108 10.6299 9.49102 -3.93282 7.66192 -10.3824 -333.998 6.44144 11.4227 1.79386 -4.05557 0.944337 -3.11341 -6.15901 2.28311 1.26866 -0.201171 -1.38809 2.43767 3.3517 1.20736 -6.03266 5.03321 7.43428 -0.75164 -2.48025 4.81158 3.53294 -0.968635 2.71926 -0.980607 1.18684 1.68623 0.654897 -1.54145 -0.00116031 -0.168227 -3.22339 0.196405 3.02372 0.359679 -1.89204 -2.06252 0.71115 -0.925784 0.791608 2.02812 -1.32307 2.37449 
0.769306 6.17093 -0.344976 4.77517 -12.5431 21.3005 -6.0447 6.44144 373.69 8.1989 9.049 3.43217 -0.0527305 -1.73978 -1.22836 -4.65409 9.85793 4.15258 -10.4421 8.67702 -0.75351 -5.93208 -10.1826 -0.0666557 -2.43564 -1.89805 -1.56771 6.23138 12.3282 2.02779 5.93039 -1.29455 1.95267 0.497666 1.08293 5.51577 0.568011 0.931681 7.08517 -0.877864 1.30995 2.89412 -1.43594 -1.24913 1.04903 -0.557978 1.37245 -0.756809 -3.71412 1.69885 
0.746456 -20.9213 3.22062 16.6219 1.5365 7.33533 -0.252727 11.4227 8.1989 313.029 6.70122 2.39925 -0.920756 -0.665954 -6.20071 3.58005 -4.67866 2.37297 1.47388 -8.42733 -4.14345 4.42141 -4.68969 -5.48991 5.1904 -7.31029 -1.8932 -2.35397 -4.84324 -2.45384 5.33235 2.30694 -2.5903 0.488153 3.05323 -8.22663 5.45494 4.91382 3.77166 3.40676 -3.98795 -0.606987 -4.94581 -1.03826 0.147011 0.99093 1.23662 -0.449147 -0.654661 -2.61812 
-2.4288 17.6269 -7.05539 -34.8869 8.92323 -2.47636 6.96613 1.79386 9.049 6.70122 -281.854 -16.3792 -9.70605 2.17968 4.18524 -13.5206 7.08312 -0.0593127 12.1643 9.24251 5.36936 2.52692 2.06005 5.3709 5.33052 -6.34466 -4.5598 -3.48662 3.87111 -2.31072 -2.3806 -0.74847 1.53263 -1.46751 3.46721 -7.07131 -1.46221 0.542515 -8.40928 -0.766885 -0.925804 -2.74694 3.20882 6.55406 -3.79704 -2.16008 0.652683 2.71502 1.42046 2.63676 
1.29559 4.10222 18.9963 -16.256 -22.9085 17.0191 -1.25719 -4.05557 3.43217 2.39925 -16.3792 295.032 8.50046 -1.12369 9.01818 -6.84329 -9.01711 -10.7484 1.41763 -5.66922 -1.53359 -2.09055 3.9508 -9.47556 9.7777 4.74283 2.30928 -11.1843 -2.6222 -6.90945 1.05462 -3.35222 0.922189 5.67568 5.15322 -6.04078 -6.63858 -1.76608 0.540537 -2.64896 2.08501 -3.22114 6.10208 0.20814 1.79714 0.337538 1.53819 2.68162 2.94658 -4.77074 
0.227625 5.0544 -5.26544 3.27929 0.793637 4.15775 12.2869 0.944337 -0.0527305 -0.920756 -9.70605 8.50046 232.76 0.701839 -15.3794 21.1092 -22.3571 -3.7223 -2.39426 -14.8747 -0.360888 1.24497 8.21075 4.5406 1.55986 12.6305 8.07521 1.90826 -4.94378 -12.1255 -11.5057 -9.71598 4.24082 5.96592 -8.69053 -3.10425 -5.06125 -1.5002 -10.6077 -11.2307 -4.73099 0.285285 6.3216 0.14345 4.75732 1.03511 4.28217 6.70547 0.834179 2.0849 
-0.910969 19.8053 -5.83567 2.15567 17.0425 -26.1417 11.734 -3.11341 -1.73978 -0.665954 2.17968 -1.12369 0.701839 247.44 18.0279 -8.48001 2.70205 9.84693 10.0345 -5.36082 -7.96216 -5.35247 16.2301 0.743828 1.58161 -0.274263 7.29572 2.29301 1.94772 1.91206 5.14724 8.99892 4.29211 2.4274 9.06657 0.124284 0.0315166 4.2826 1.86836 -2.77321 -2.97367 1.69865 -2.51929 3.16693 -0.487637 -1.69139 1.75884 -5.41387 -0.279765 -0.934108 
-0.634735 -8.56034 -7.75164 6.13275 -1.50924 -11.9776 -0.264026 -6.15901 -1.22836 -6.20071 4.18524 9.01818 -15.3794 18.0279 -222.418 20.87 -12.8976 -2.05708 4.59239 -8.31995 -3.48864 7.81965 -19.9709 6.04202 -3.84121 -4.59549 -8.06504 4.95055 -19.0029 -8.71433 -11.2017 9.40724 -3.23671 -3.11442 -11.6629 1.12416 0.4362 -3.09713 -1.97837 -4.70253 -4.87975 0.159998 -0.56147 -0.208813 0.907455 0.339002 1.10972 0.929078 -1.83814 -0.989206 
2.33853 11.9918 -2.59284 -6.18068 0.326376 -0.828631 25.6003 2.28311 -4.65409 3.58005 -13.5206 -6.84329 21.1092 -8.48001 20.87 240.856 -8.51699 8.84595 1.98016 -5.0737 3.79709 3.61637 4.5518 9.3533 -2.23739 -3.4344 -1.53795 0.826225 10.803 2.33497 -21.3543 -2.48847 2.99769 -0.364272 -11.419 12.6128 4.25834 -0.353934 -5.6809 1.54179 5.26262 -2.75616 -0.935072 -2.89042 -0.0232469 0.938153 -0.869012 1.80044 1.15269 6.02575 
0.295326 -0.180822 3.86859 -4.92059 1.12766 -8.70664 1.88353 1.26866 9.85793 -4.67866 7.08312 -9.01711 -22.3571 2.70205 -12.8976 -8.51699 -232.544 1.88986 -31.0411 2.3948 -3.27006 2.68769 25.4868 -4.64473 -4.39376 21.0989 0.25892 -13.5998 -13.5318 -8.05957 2.3092 12.4693 10.5063 12.3075 -12.602 -0.105114 1.4814 -1.59081 -7.48846 10.9346 -14.6651 -1.2951 1.29402 3.63673 -2.74228 2.17126 3.619 0.74817 3.01049 -6.23165 
0.283757 -12.5408 -6.97455 0.226065 2.85736 -0.271455 3.48159 -0.201171 4.15258 2.37297 -0.0593127 -10.7484 -3.7223 9.84693 -2.05708 8.84595 1.88986 203.79 14.0147 17.3045 -1.58639 -1.44307 28.0085 0.783557 -13.4607 31.4248 15.5372 12.8306 5.99153 15.3492 -5.42275 -5.13199 4.95188 2.44787 -6.19493 19.6774 5.64971 -0.678716 -6.86129 2.0182 -5.0776 7.52608 -2.60395 1.44351 0.010366 0.419068 -1.29369 -7.71413 4.47518 3.25112 
-1.12772 -7.09224 4.86753 -23.6785 7.38966 -9.46188 14.9873 -1.38809 -10.4421 1.47388 12.1643 1.41763 -2.39426 10.0345 4.59239 1.98016 -31.0411 14.0147 -229.419 2.64581 -1.8815 -2.69254 -1.69731 2.23182 9.34318 1.42769 -10.5747 4.01563 9.28473 -6.21344 -1.76012 -2.04702 -0.292594 4.36791 -1.94142 -0.198285 -3.19001 -0.457386 3.11324 4.56282 -4.21998 -2.93472 -2.96283 -2.49756 1.24462 -0.744839 1.48173 3.28081 1.26756 1.71021 
1.95258 -24.2626 -7.25209 11.0573 -12.3323 12.866 -3.87753 2.43767 8.67702 -8.42733 9.24251 -5.66922 -14.8747 -5.36082 -8.31995 -5.0737 2.3948 17.3045 2.64581 258.752 5.33355 -3.39912 1.1689 5.83318 -4.2088 8.99045 2.36799 -1.5337 4.14296 1.97019 -5.76533 -5.53228 6.38613 1.05049 -8.053 15.0994 -0.490934 -3.57125 -0.148716 -2.03676 7.45595 0.379148 3.84521 0.242349 0.394788 -3.78844 2.68357 1.83188 0.858143 3.67595 
0.844199 -4.56921 -2.95045 1.25339 -9.48808 6.59631 -3.09302 3.3517 -0.75351 -4.14345 5.36936 -1.53359 -0.360888 -7.96216 -3.48864 3.79709 -3.27006 -1.58639 -1.8815 5.33355 98.1563 2.80526 32.1924 15.374 -1.50738 1.0077 9.97656 6.62102 1.55168 -12.9292 -11.9335 -5.72237 7.81205 8.70416 8.40831 -6.23231 -12.1523 -9.29499 -17.972 -15.9908 -6.32423 1.9568 8.7688 8.07243 -0.00306833 1.26658 -1.36583 8.4959 -2.86076 3.41404 
0.259407 -0.466945 1.74838 -10.3989 -5.86336 4.30608 -1.98254 1.20736 -5.93208 4.42141 2.52692 -2.09055 1.24497 -5.35247 7.81965 3.61637 2.68769 -1.44307 -2.69254 -3.39912 2.80526 -142.161 18.1283 -7.7935 1.39439 19.3967 4.04734 4.53229 -14.9979 -5.45174 -11.9221 3.52554 13.3665 -3.95231 -16.8154 5.93667 2.09587 -1.25724 -5.89361 5.59695 0.469783 9.31666 5.96529 1.80973 -1.88952 0.798226 4.38178 0.805985 -0.161672 0.419523 
3.0266 -1.67211 -2.59584 -8.65423 0.316469 -2.94166 13.2268 -6.03266 -10.1826 -4.68969 2.06005 3.9508 8.21075 16.2301 -19.9709 4.5518 25.4868 28.0085 -1.69731 1.1689 32.1924 18.1283 -241.627 -1.2969 1.44733 -8.65171 0.517529 -4.38398 7.99769 1.74354 1.97302 -4.05688 -1.4068 -3.57865 -0.6905 -0.756028 2.60144 0.0430075 -1.19283 -1.33882 -2.11639 -1.70417 -0.637523 -0.394378 2.47843 0.187083 0.512316 -0.43678 0.607543 -0.251689 
2.47483 3.32469 3.66745 -2.53528 -3.19574 -7.23559 6.50414 5.03321 -0.0666557 -5.48991 5.3709 -9.47556 4.5406 0.743828 6.04202 9.3533 -4.64473 0.783557 2.23182 5.83318 15.374 -7.7935 -1.2969 -155.486 -8.0414 -10.9314 -3.96211 -1.67474 3.33673 5.35873 4.32311 6.31022 -6.75823 2.55686 14.5799 -6.53154 6.55413 8.02483 12.1914 4.47348 0.959347 -1.23231 -2.21061 -1.13386 1.36609 2.60389 -1.87856 -2.92949 -0.713572 -0.702581 
0.347878 -10.2668 1.28352 0.830289 -12.3276 -2.94483 5.03976 7.43428 -2.43564 5.1904 5.33052 9.7777 1.55986 1.58161 -3.84121 -2.23739 -4.39376 -13.4607 9.34318 -4.2088 -1.50738 1.39439 1.44733 -8.0414 -158.962 5.51417 3.56825 -2.00234 -4.43186 5.69974 1.20377 1.33971 2.83526 0.520167 -2.26167 6.01615 0.248473 2.83154 2.96412 -2.88813 2.43909 0.145436 2.03764 2.68321 -0.016193 -0.550485 0.63647 -3.39427 0.342015 -0.358021 
0.382078 2.42544 -9.88838 0.882624 9.52362 2.88917 0.595625 -0.75164 -1.89805 -7.31029 -6.34466 4.74283 12.6305 -0.274263 -4.59549 -3.4344 21.0989 31.4248 1.42769 8.99045 1.0077 19.3967 -8.65171 -10.9314 5.51417 195.974 -0.279242 10.405 2.00485 -1.23623 0.015539 0.8132 3.20658 3.2411 -8.30176 8.6745 0.478609 -0.56568 0.401309 4.68192 -3.12361 2.48261 -2.12981 -1.82654 1.16636 0.190642 1.41879 0.662484 -3.24603 2.07144 
-0.304586 -2.52692 -0.168158 -11.3358 -1.94782 2.2729 4.75668 -2.48025 -1.56771 -1.8932 -4.5598 2.30928 8.07521 7.29572 -8.06504 -1.53795 0.25892 15.5372 -10.5747 2.36799 9.97656 4.04734 0.517529 -3.96211 3.56825 -0.279242 137.944 -2.25886 -13.3183 11.9002 2.14255 4.51894 5.74414 -5.3583 -2.90759 9.28442 4.09776 3.55715 5.5129 -6.43415 1.44126 1.91382 6.57952 4.20153 -1.05196 -1.15756 3.27601 -8.21574 -2.46694 -0.0535065 
0.323369 1.11721 1.13376 -2.48156 10.1274 -11.0268 7.63149 4.81158 6.23138 -2.35397 -3.48662 -11.1843 1.90826 2.29301 4.95055 0.826225 -13.5998 12.8306 4.01563 -1.5337 6.62102 4.53229 -4.38398 -1.67474 -2.00234 10.405 -2.25886 -147.267 -5.87241 0.852341 -5.60653 1.33815 0.507314 -16.184 -4.34984 -9.48782 2.82858 -0.0808775 -12.8387 3.94996 -1.09574 -4.13879 3.78592 6.57575 -1.13166 -0.550111 0.24787 -0.937032 1.01779 0.214668 
0.0212719 -1.83465 -7.75237 2.97851 0.24935 -6.44311 2.98819 3.53294 12.3282 -4.84324 3.87111 -2.6222 -4.94378 1.94772 -19.0029 10.803 -13.5318 5.99153 9.28473 4.14296 1.55168 -14.9979 7.99769 3.33673 -4.43186 2.00485 -13.3183 -5.87241 180.733 -2.11642 -7.29083 -5.5742 2.72129 -6.60459 -9.5233 9.58223 -1.76283 2.71038 4.13687 2.1549 3.90597 2.38449 -1.38839 -3.00924 0.630277 0.652937 0.638937 1.17616 0.655429 1.18078 
-0.729265 -10.0402 -7.00766 -1.73913 -4.55153 -0.408327 2.11981 -0.968635 2.02779 -2.45384 -2.31072 -6.90945 -12.1255 1.91206 -8.71433 2.33497 -8.05957 15.3492 -6.21344 1.97019 -12.9292 -5.45174 1.74354 5.35873 5.69974 -1.23623 11.9002 0.852341 -2.11642 107.97 13.9477 -0.839148 -12.575 6.29044 14.4744 -22.568 -1.65713 1.33285 -4.52388 3.08959 -0.980192 -3.77572 -5.4201 -5.26639 -0.886984 2.28857 -6.5946 0.603993 2.07616 -2.18545 
-2.61941 -7.51805 -1.11029 -8.51987 -4.66286 -5.00567 -14.0109 2.71926 5.93039 5.33235 -2.3806 1.05462 -11.5057 5.14724 -11.2017 -21.3543 2.3092 -5.42275 -1.76012 -5.76533 -11.9335 -11.9221 1.97302 4.32311 1.20377 0.015539 2.14255 -5.60653 -7.29083 13.9477 -130.384 -0.172326 1.10377 1.78939 -11.132 4.41022 -2.45399 -1.79041 4.51232 0.528233 0.67413 2.20045 0.20574 -2.44076 -2.58398 -0.933709 0.340419 0.0854682 -1.03681 0.0981537 
-1.0224 -7.00864 -7.73549 8.66898 0.294984 2.81062 -2.91644 -0.980607 -1.29455 2.30694 -0.74847 -3.35222 -9.71598 8.99892 9.40724 -2.48847 12.4693 -5.13199 -2.04702 -5.53228 -5.72237 3.52554 -4.05688 6.31022 1.33971 0.8132 4.51894 1.33815 -5.5742 -0.839148 -0.172326 -174.076 0.50907 -1.59918 -2.89756 0.98523 -4.33753 -1.18616 -0.0626363 -5.77952 -0.119375 0.0207703 3.13447 0.696764 0.392588 0.245849 0.000894845 0.244345 -0.927047 0.0379353 
1.19632 -3.58902 -7.25481 8.38614 -4.02681 8.92919 3.63777 1.18684 1.95267 -2.5903 1.53263 0.922189 4.24082 4.29211 -3.23671 2.99769 10.5063 4.95188 -0.292594 6.38613 7.81205 13.3665 -1.4068 -6.75823 2.83526 3.20658 5.74414 0.507314 2.72129 -12.575 1.10377 0.50907 -72.7725 12.1848 0.978613 -2.6841 -5.64162 -18.6867 0.186074 8.83597 -0.577723 -1.83198 -9.55105 -6.78337 -7.86151 3.26548 -1.90572 -0.530191 0.772649 0 
0.42509 0.329992 3.06547 3.4295 -4.33309 4.37714 -13.2376 1.68623 0.497666 0.488153 -1.46751 5.67568 5.96592 2.4274 -3.11442 -0.364272 12.3075 2.44787 4.36791 1.05049 8.70416 -3.95231 -3.57865 2.55686 0.520167 3.2411 -5.3583 -16.184 -6.60459 6.29044 1.78939 -1.59918 12.1848 -89.7204 -6.25826 2.19496 -1.18684 2.81997 1.69588 0.41532 0.229818 0.191748 0 -3.54402 -2.15107 -9.9017 -13.275 9.51034 5.53665 20.7649 
-0.810247 0.0628738 4.1392 -3.32955 -13.1799 -1.4804 -2.5111 0.654897 1.08293 3.05323 3.46721 5.15322 -8.69053 9.06657 -11.6629 -11.419 -12.602 -6.19493 -1.94142 -8.053 8.40831 -16.8154 -0.6905 14.5799 -2.26167 -8.30176 -2.90759 -4.34984 -9.5233 14.4744 -11.132 -2.89756 0.978613 -6.25826 131.499 8.1603 -23.7366 -10.7459 -11.7368 2.95317 -11.0419 20.1512 -5.51077 -12.1036 -4.47007 -5.37649 9.70828 -7.6316 15.4251 -16.5267 
-0.553693 -0.000641108 -7.90836 4.80534 7.62843 3.97713 -1.77035 -1.54145 5.51577 -8.22663 -7.07131 -6.04078 -3.10425 0.124284 1.12416 12.6128 -0.105114 19.6774 -0.198285 15.0994 -6.23231 5.93667 -0.756028 -6.53154 6.01615 8.6745 9.28442 -9.48782 9.58223 -22.568 4.41022 0.98523 -2.6841 2.19496 8.1603 -50.7878 4.6816 9.35879 21.5701 -1.12956 15.4213 -4.12743 -19.3005 14.6725 2.46828 -8.91219 -19.2274 11.3214 -18.404 3.4023 
-0.489465 -4.87723 -6.45137 8.26573 1.50422 8.40533 -3.70433 -0.00116031 0.568011 5.45494 -1.46221 -6.63858 -5.06125 0.0315166 0.4362 4.25834 1.4814 5.64971 -3.19001 -0.490934 -12.1523 2.09587 2.60144 6.55413 0.248473 0.478609 4.09776 2.82858 -1.76283 -1.65713 -2.45399 -4.33753 -5.64162 -1.18684 -23.7366 4.6816 -28.6689 -11.9063 5.30805 10.7036 3.87998 -1.35298 19.3704 -7.9093 13.6365 -11.5959 -0.45026 -4.60907 0.63471 -17.5383 
-0.450949 -3.21414 -1.87446 -0.115158 1.99153 -4.1555 4.2805 -0.168227 0.931681 4.91382 0.542515 -1.76608 -1.5002 4.2826 -3.09713 -0.353934 -1.59081 -0.678716 -0.457386 -3.57125 -9.29499 -1.25724 0.0430075 8.02483 2.83154 -0.56568 3.55715 -0.0808775 2.71038 1.33285 -1.79041 -1.18616 -18.6867 2.81997 -10.7459 9.35879 -11.9063 -12.5776 -3.47542 17.3969 -4.39299 13.1144 22.6448 -7.39565 -10.079 -5.40643 1.96378 -11.9918 -0.485484 -6.3966 
-1.11967 7.78415 13.3827 4.94508 -0.606746 3.50733 -13.1453 -3.22339 7.08517 3.77166 -8.40928 0.540537 -10.6077 1.86836 -1.97837 -5.6809 -7.48846 -6.86129 3.11324 -0.148716 -17.972 -5.89361 -1.19283 12.1914 2.96412 0.401309 5.5129 -12.8387 4.13687 -4.52388 4.51232 -0.0626363 0.186074 1.69588 -11.7368 21.5701 5.30805 -3.47542 130.656 7.8896 4.00252 14.7692 2.01836 -13.477 -12.4517 8.43378 -10.2426 -1.22522 -2.48515 11.4516 
-0.0725873 -5.17159 -9.39968 7.82411 -2.8749 5.4036 -5.71221 0.196405 -0.877864 3.40676 -0.766885 -2.64896 -11.2307 -2.77321 -4.70253 1.54179 10.9346 2.0182 4.56282 -2.03676 -15.9908 5.59695 -1.33882 4.47348 -2.88813 4.68192 -6.43415 3.94996 2.1549 3.08959 0.528233 -5.77952 8.83597 0.41532 2.95317 -1.12956 10.7036 17.3969 7.8896 5.7418 4.53029 -7.35645 11.4601 -19.4306 7.64696 13.5582 5.3344 6.24279 -9.72305 -29.4794 
-1.0012 -5.13492 -8.15369 0.752945 -4.72788 -6.40128 6.3979 3.02372 1.30995 -3.98795 -0.925804 2.08501 -4.73099 -2.97367 -4.87975 5.26262 -14.6651 -5.0776 -4.21998 7.45595 -6.32423 0.469783 -2.11639 0.959347 2.43909 -3.12361 1.44126 -1.09574 3.90597 -0.980192 0.67413 -0.119375 -0.577723 0.229818 -11.0419 15.4213 3.87998 -4.39299 4.00252 4.53029 131.741 6.73379 2.07485 1.78738 -15.4668 -5.99353 -7.04126 -2.80718 5.53598 -4.35342 
-0.019822 -0.882051 -2.14689 -0.911839 5.53298 -0.469923 6.63196 0.359679 2.89412 -0.606987 -2.74694 -3.22114 0.285285 1.69865 0.159998 -2.75616 -1.2951 7.52608 -2.93472 0.379148 1.9568 9.31666 -1.70417 -1.23231 0.145436 2.48261 1.91382 -4.13879 2.38449 -3.77572 2.20045 0.0207703 -1.83198 0.191748 20.1512 -4.12743 -1.35298 13.1144 14.7692 -7.35645 6.73379 -66.3271 7.7815 0.860127 -2.69185 2.89277 1.90251 -5.60859 -9.88827 10.0061 
-0.204413 2.43383 -0.322422 -1.66836 -6.42878 6.57827 -1.32425 -1.89204 -1.43594 -4.94581 3.20882 6.10208 6.3216 -2.51929 -0.56147 -0.935072 1.29402 -2.60395 -2.96283 3.84521 8.7688 5.96529 -0.637523 -2.21061 2.03764 -2.12981 6.57952 3.78592 -1.38839 -5.4201 0.20574 3.13447 -9.55105 0 -5.51077 -19.3005 19.3704 22.6448 2.01836 11.4601 2.07485 7.7815 37.7816 17.8859 -2.74233 4.50505 13.757 -12.0303 7.79696 13.0976 
0.360318 6.7949 4.48427 2.34994 3.95591 0.533441 -5.53364 -2.06252 -1.24913 -1.03826 6.55406 0.20814 0.14345 3.16693 -0.208813 -2.89042 3.63673 1.44351 -2.49756 0.242349 8.07243 1.80973 -0.394378 -1.13386 2.68321 -1.82654 4.20153 6.57575 -3.00924 -5.26639 -2.44076 0.696764 -6.78337 -3.54402 -12.1036 14.6725 -7.9093 -7.39565 -13.477 -19.4306 1.78738 0.860127 17.8859 71.4278 10.5989 -4.72342 6.85958 -11.4437 11.747 -1.15069 
-0.0788256 3.86723 0.26497 -0.114671 -4.87194 4.21676 3.26908 0.71115 1.04903 0.147011 -3.79704 1.79714 4.75732 -0.487637 0.907455 -0.0232469 -2.74228 0.010366 1.24462 0.394788 -0.00306833 -1.88952 2.47843 1.36609 -0.016193 1.16636 -1.05196 -1.13166 0.630277 -0.886984 -2.58398 0.392588 -7.86151 -2.15107 -4.47007 2.46828 13.6365 -10.079 -12.4517 7.64696 -15.4668 -2.69185 -2.74233 10.5989 65.2001 -2.98564 7.29503 -3.44025 -7.24744 -0.836086 
-0.222671 5.46939 1.16936 0.504409 3.43911 -2.03175 -0.31175 -0.925784 -0.557978 0.99093 -2.16008 0.337538 1.03511 -1.69139 0.339002 0.938153 2.17126 0.419068 -0.744839 -3.78844 1.26658 0.798226 0.187083 2.60389 -0.550485 0.190642 -1.15756 -0.550111 0.652937 2.28857 -0.933709 0.245849 3.26548 -9.9017 -5.37649 -8.91219 -11.5959 -5.40643 8.43378 13.5582 -5.99353 2.89277 4.50505 -4.72342 -2.98564 -24.2802 -4.03846 4.35094 0.381317 0.203567 
0.339222 -4.53465 -2.66501 3.69265 -0.463574 4.71452 0.215067 0.791608 1.37245 1.23662 0.652683 1.53819 4.28217 1.75884 1.10972 -0.869012 3.619 -1.29369 1.48173 2.68357 -1.36583 4.38178 0.512316 -1.87856 0.63647 1.41879 3.27601 0.24787 0.638937 -6.5946 0.340419 0.000894845 -1.90572 -13.275 9.70828 -19.2274 -0.45026 1.96378 -10.2426 5.3344 -7.04126 1.90251 13.757 6.85958 7.29503 -4.03846 -28.4994 -10.9582 -6.46452 1.3853 
0.247297 5.66422 -1.33258 -4.33782 0.764428 -0.715829 3.81658 2.02812 -0.756809 -0.449147 2.71502 2.68162 6.70547 -5.41387 0.929078 1.80044 0.74817 -7.71413 3.28081 1.83188 8.4959 0.805985 -0.43678 -2.92949 -3.39427 0.662484 -8.21574 -0.937032 1.17616 0.603993 0.0854682 0.244345 -0.530191 9.51034 -7.6316 11.3214 -4.60907 -11.9918 -1.22522 6.24279 -2.80718 -5.60859 -12.0303 -11.4437 -3.44025 4.35094 -10.9582 76.829 -2.69475 2.6228 
0.630973 -1.79212 -0.589831 0.44304 -0.618152 3.54716 0.162836 -1.32307 -3.71412 -0.654661 1.42046 2.94658 0.834179 -0.279765 -1.83814 1.15269 3.01049 4.47518 1.26756 0.858143 -2.86076 -0.161672 0.607543 -0.713572 0.342015 -3.24603 -2.46694 1.01779 0.655429 2.07616 -1.03681 -0.927047 0.772649 5.53665 15.4251 -18.404 0.63471 -0.485484 -2.48515 -9.72305 5.53598 -9.88827 7.79696 11.747 -7.24744 0.381317 -6.46452 -2.69475 16.1279 -10.3685 
0.634315 2.60036 -2.29586 0.446933 4.00126 -5.33333 4.86858 2.37449 1.69885 -2.61812 2.63676 -4.77074 2.0849 -0.934108 -0.989206 6.02575 -6.23165 3.25112 1.71021 3.67595 3.41404 0.419523 -0.251689 -0.702581 -0.358021 2.07144 -0.0535065 0.214668 1.18078 -2.18545 0.0981537 0.0379353 0 20.7649 -16.5267 3.4023 -17.5383 -6.3966 11.4516 -29.4794 -4.35342 10.0061 13.0976 -1.15069 -0.836086 0.203567 1.3853 2.6228 -10.3685 37.3128 
