1184.16 67.4626 54.0565 -17.4723 -36.0876 37.6735 68.0251 -15.46 20.9371 13.8762 -26.21 22.9502 23.238 30.6064 47.0335 29.749 6.33619 -20.7571 13.4382 3.60855 -19.869 0.680595 -3.85474 0 230.6 273.205 223.803 236.696 242.7 246.799 256.241 241.562 213.607 278.064 250.431 299.124 232.873 220.684 243.354 236.482 246.021 273.742 203.687 250.273 249.574 219.444 223.966 204.463 267.879 290.074 
67.4626 -44.8493 -18.8103 63.1957 3.04724 19.2577 -2.75348 -13.2537 18.0487 51.0984 12.7799 -25.5794 -44.2538 22.1501 -23.9503 3.78836 -33 7.53494 -30.6309 -19.8211 31.5666 -28.9673 28.6008 41.197 -8.42911 -5.12783 20.9881 15.3741 15.7082 16.1441 25.3011 71.0716 -5.64116 30.6884 26.2083 35.6221 17.7914 -28.7667 36.1775 21.3643 65.9587 -14.1925 38.0637 52.4559 9.53875 11.7088 -44.741 8.17797 62.986 38.9261 
54.0565 -18.8103 -3.56441 46.1201 -7.83736 -5.13062 3.21384 -5.20676 -44.7088 43.7247 -51.6566 -0.763769 33.3202 -6.30524 12.2575 -23.9168 45.4875 40.8503 -12.839 28.8912 47.9098 -7.66437 -48.8142 -7.2644 -18.9601 11.6391 -27.447 67.0876 18.8297 45.8788 41.117 -16.0504 12.8887 15.6818 1.12716 35.2883 -12.6085 52.6114 39.1884 -25.7345 35.099 -20.7236 -3.1996 -3.15328 11.0344 3.08921 -16.5064 -13.7886 -12.1423 8.77419 
-17.4723 63.1957 46.1201 9.46912 -58.0026 -14.8621 -17.8674 -5.73967 60.3339 -23.6714 -14.7965 32.977 -11.2742 0.161377 -16.5 37.5484 42.6895 42.1352 16.9425 -4.12554 -0.588299 5.59818 31.3031 -37.9909 -18.6118 33.5159 -22.4858 -27.8961 17.9904 5.65857 -3.67753 54.4158 6.87241 0.257492 -6.81618 -38.2563 -39.7113 2.29777 -0.133495 -5.87481 10.0271 -33.0801 35.813 -14.1959 -14.2994 51.3772 -20.669 16.1061 -0.928894 14.9383 
-36.0876 3.04724 -7.83736 -58.0026 -38.2251 -1.94155 -15.2382 -39.8633 -10.3258 -6.73267 43.3791 -11.4188 -7.13854 14.5859 -18.2107 15.2347 -28.069 -1.20365 -29.8825 -2.76149 -2.37268 49.3398 15.161 -7.02754 -25.3051 59.0866 -13.4994 8.17489 5.67683 34.1075 44.508 54.5554 48.5527 -29.9635 -12.7206 25.841 -49.4974 -4.34213 19.0403 51.5305 8.92916 45.8166 3.27682 31.292 31.1886 -34.8055 11.9981 -15.1449 14.6337 -55.2069 
37.6735 19.2577 -5.13062 -14.8621 -1.94155 3.91289 -6.59377 61.5841 7.33892 9.79032 29.6035 18.303 -21.7433 -31.2487 -16.3326 -17.8965 -28.2632 22.3429 -2.62444 51.3331 -24.5458 -17.8212 -9.91666 19.7551 1.6364 -3.41336 41.7118 -13.154 -22.6234 49.0574 27.2292 -5.67203 19.614 29.3673 -9.43725 -39.0938 5.41045 25.1837 74.5338 53.7388 12.7131 42.3471 45.9522 49.993 -10.2525 55.8029 3.18995 21.5404 70.8453 22.1065 
68.0251 -2.75348 3.21384 -17.8674 -15.2382 -6.59377 -3.31921 26.2844 20.0053 34.1466 26.7363 21.6462 -1.46518 -53.8172 20.7725 44.758 34.7462 -46.7789 4.29022 29.1175 -11.5912 18.0137 -3.22381 25.4509 -3.83374 -10.8467 -35.8607 5.17435 -14.4311 12.6572 -38.0078 28.3423 -20.024 -14.0229 8.3961 -11.6777 -44.7812 -14.7113 -36.8215 -8.01761 14.2932 -40.8765 -44.5668 -30.3354 -5.02619 -27.1222 3.70333 -3.54178 46.6165 -47.2888 
-15.46 -13.2537 -5.20676 -5.73967 -39.8633 61.5841 26.2844 -65.7162 -14.6499 -39.7267 -11.2075 39.3684 -46.7411 -13.4008 -6.93755 15.8589 39.8809 11.299 -20.2944 -14.1085 -10.57 14.7009 29.7501 40.5667 -12.3465 37.5504 50.5117 31.3246 5.80172 -13.2034 -23.2802 24.9083 -6.27884 38.3275 -19.743 -22.544 47.1397 -31.6114 52.6648 40.1008 -43.1525 45.4968 -28.4027 39.4187 -50.088 -6.93566 -15.9204 31.4991 37.378 -52.945 
20.9371 18.0487 -44.7088 60.3339 -10.3258 7.33892 20.0053 -14.6499 28.9311 18.5543 16.3655 37.9613 -4.91266 5.03216 17.8845 -1.48257 20.2966 22.5057 37.0793 -42.2763 -20.2519 1.18387 -69.3101 -32.5858 20.909 7.56834 -15.3128 17.8 -17.4322 -53.3197 -39.4682 -49.1344 54.7542 -36.294 -12.0224 8.48166 -21.521 46.57 24.6436 -39.1469 -2.01337 50.4109 2.64272 -31.7312 -8.02869 7.75894 -38.6585 8.42687 -21.2969 -1.81606 
13.8762 51.0984 43.7247 -23.6714 -6.73267 9.79032 34.1466 -39.7267 18.5543 38.0653 -2.27174 27.1793 -6.24001 18.6589 -11.9532 -38.3904 -7.50091 31.1203 43.1577 7.59051 48.692 -58.567 -32.6466 18.597 51.781 4.57599 47.7678 40.4322 -35.2833 -1.81317 52.6903 19.9581 52.029 0.100521 -24.5496 -24.3584 9.74361 -30.575 -27.5788 12.9936 -54.6325 -22.5333 -7.06855 10.3495 -13.5759 13.4489 -36.6845 64.7327 40.1631 45.3974 
-26.21 12.7799 -51.6566 -14.7965 43.3791 29.6035 26.7363 -11.2075 16.3655 -2.27174 -12.5031 -1.10942 -44.506 -15.8508 -30.3948 -28.9943 33.0604 -3.76274 -7.64007 25.0113 14.7814 -13.5793 -19.4594 0.711985 42.7073 -31.5014 -18.2021 -41.0534 -27.3688 -3.81669 17.7387 28.325 -8.72204 -12.5419 -15.8242 17.8388 -47.7934 -4.21804 23.3605 1.87245 32.3881 17.4574 52.2499 49.9647 33.3468 0.319065 7.35149 -3.02772 30.4244 25.5803 
22.9502 -25.5794 -0.763769 32.977 -11.4188 18.303 21.6462 39.3684 37.9613 27.1793 -1.10942 9.96575 6.28966 32.0404 -2.2014 5.72318 15.7496 -4.42094 16.7687 -16.0076 -9.77905 18.2678 31.5115 -26.4784 50.361 -8.55321 61.2397 33.8107 34.8392 -5.31181 53.4107 -17.0124 -3.86985 15.4317 -22.9716 22.5061 -28.4716 25.8719 -23.9023 49.4032 -42.4744 8.08268 -2.51083 59.3288 -30.5786 19.5269 49.0756 4.98306 0.314034 45.7214 
23.238 -44.2538 33.3202 -11.2742 -7.13854 -21.7433 -1.46518 -46.7411 -4.91266 -6.24001 -44.506 6.28966 7.15257 26.5276 18.4515 47.391 -21.5712 37.3853 4.403 -11.74 -25.8965 33.8432 -42.383 15.4146 -33.9016 50.1211 -28.756 38.718 -38.235 23.2464 44.0999 24.2857 22.3831 -6.98486 -21.1961 -19.3105 47.8381 48.8438 -2.52053 21.8912 21.6906 38.9893 22.602 -23.7556 -45.2794 21.472 13.9637 8.98121 -46.0853 6.63771 
30.6064 22.1501 -6.30524 0.161377 14.5859 -31.2487 -53.8172 -13.4008 5.03216 18.6589 -15.8508 32.0404 26.5276 -28.0506 -14.0585 12.5061 31.5901 16.4104 6.43743 33.7727 -1.25803 32.6128 23.0846 -35.4916 30.5232 13.6743 -26.5163 27.1885 -19.2021 -46.6856 10.7491 -33.2445 3.38845 -23.7738 44.5643 19.7627 -8.80685 14.4392 37.8915 45.1827 7.03059 21.4583 61.7433 -23.7583 -12.3526 27.5334 25.4518 -7.09913 41.1956 17.9566 
47.0335 -23.9503 12.2575 -16.5 -18.2107 -16.3326 20.7725 -6.93755 17.8845 -11.9532 -30.3948 -2.2014 18.4515 -14.0585 22.829 5.65772 21.6115 36.7307 46.2738 55.7181 55.2246 6.02129 -37.0269 -14.2254 19.9418 40.1342 59.855 12.9189 14.6284 -3.28203 -15.5832 -1.08749 13.4374 17.2553 -3.90921 55.4552 -6.40097 47.5699 -17.279 -20.9562 -36.2075 -6.21062 9.15892 64.5281 -34.0877 5.81103 50.0757 -3.84434 -19.6693 27.3649 
29.749 3.78836 -23.9168 37.5484 15.2347 -17.8965 44.758 15.8589 -1.48257 -38.3904 -28.9943 5.72318 47.391 12.5061 5.65772 34.9966 -28.8496 33.9143 33.7893 48.9135 1.96198 -41.7753 29.1694 48.8545 -32.2543 21.7751 22.3123 7.3036 58.8654 -25.0151 -11.5011 9.24726 7.30849 20.1461 -17.7427 -40.582 29.0978 12.2843 8.67329 -27.5028 -34.4339 -5.45098 57.9417 39.5571 14.7347 -20.04 55.1728 43.9604 49.0813 -27.4222 
6.33619 -33 45.4875 42.6895 -28.069 -28.2632 34.7462 39.8809 20.2966 -7.50091 33.0604 15.7496 -21.5712 31.5901 21.6115 -28.8496 -51.4804 17.0816 -34.6749 34.7777 -23.7358 -25.057 33.125 30.1103 -26.0364 40.1588 36.7327 2.51023 -12.9733 24.5174 -37.1548 -41.6091 38.2651 21.2371 13.0907 13.1962 39.5426 -30.5324 -37.3129 -19.3519 39.5704 -35.6573 -0.678345 -14.0308 -17.8767 43.4594 5.1436 8.70142 11.2801 -32.3861 
-20.7571 7.53494 40.8503 42.1352 -1.20365 22.3429 -46.7789 11.299 22.5057 31.1203 -3.76274 -4.42094 37.3853 16.4104 36.7307 33.9143 17.0816 -49.4885 25.3161 -44.3281 -25.8006 -42.0531 -28.8689 15.3091 -3.70111 26.6463 -0.0138245 -27.0238 -57.4895 12.6699 3.43253 -27.1088 35.2785 23.1388 15.6331 -64.8648 -5.94228 -48.7888 -2.88324 9.29842 -58.6296 24.7664 -45.748 37.5973 -22.4937 -6.99105 -33.8136 26.1595 -43.5777 -5.00955 
13.4382 -30.6309 -12.839 16.9425 -29.8825 -2.62444 4.29022 -20.2944 37.0793 43.1577 -7.64007 16.7687 4.403 6.43743 46.2738 33.7893 -34.6749 25.3161 14.5979 44.108 36.1109 4.88177 -8.11274 -15.1186 -0.468609 8.66603 -35.7435 -40.6208 -13.6332 -22.9602 39.9476 22.2962 -26.5314 6.49666 28.0861 8.88184 -25.8452 -14.6294 -9.67018 26.1272 15.283 38.6622 -16.7376 6.95178 -10.077 -2.70003 -19.0643 32.2082 -48.6185 -5.08128 
3.60855 -19.8211 28.8912 -4.12554 -2.76149 51.3331 29.1175 -14.1085 -42.2763 7.59051 25.0113 -16.0076 -11.74 33.7727 55.7181 48.9135 34.7777 -44.3281 44.108 -20.5233 10.9881 -21.7422 29.1311 -4.69721 -12.687 -45.0014 11.1552 2.19791 52.1561 41.1861 -6.38324 30.7744 20.7396 10.1265 15.5818 30.9323 -1.12226 8.78285 -16.6539 -22.3369 25.0739 -26.5828 16.2154 -10.4053 -24.4814 14.0494 25.2008 12.7897 21.0958 23.6818 
-19.869 31.5666 47.9098 -0.588299 -2.37268 -24.5458 -11.5912 -10.57 -20.2519 48.692 14.7814 -9.77905 -25.8965 -1.25803 55.2246 1.96198 -23.7358 -25.8006 36.1109 10.9881 36.6228 -21.8755 -43.8271 -28.5388 12.9052 -9.98747 -31.1608 21.9657 -13.9036 -34.4358 54.5784 -22.6013 48.4648 -38.1326 -7.83575 49.8555 52.3424 39.9692 61.6947 -25.7591 9.24961 27.4282 53.8873 18.1316 -33.8182 -28.3561 -19.8748 -6.83983 -35.6111 -8.27673 
0.680595 -28.9673 -7.66437 5.59818 49.3398 -17.8212 18.0137 14.7009 1.18387 -58.567 -13.5793 18.2678 33.8432 32.6128 6.02129 -41.7753 -25.057 -42.0531 4.88177 -21.7422 -21.8755 -45.6129 23.9924 -29.657 6.86055 31.4726 -28.3875 -4.57717 40.5931 -19.1155 17.2201 -1.17719 -18.0766 34.3441 -16.264 -23.3829 -22.6177 38.3462 31.7675 3.87894 29.4299 38.959 12.6685 2.96181 -13.5376 -29.6364 16.0915 57.7342 30.1213 26.6458 
-3.85474 28.6008 -48.8142 31.3031 15.161 -9.91666 -3.22381 29.7501 -69.3101 -32.6466 -19.4594 31.5115 -42.383 23.0846 -37.0269 29.1694 33.125 -28.8689 -8.11274 29.1311 -43.8271 23.9924 -59.8145 -22.8318 -20.4214 22.8778 31.3917 36.4701 -41.3013 42.6864 -32.5843 -50.7891 -24.8085 28.9962 -3.63802 32.0984 -18.9878 -16.2149 29.0458 -46.6231 -42.365 -3.35745 -39.439 39.0204 46.1353 12.6366 47.6263 38.3065 15.5318 -9.75745 
0 41.197 -7.2644 -37.9909 -7.02754 19.7551 25.4509 40.5667 -32.5858 18.597 0.711985 -26.4784 15.4146 -35.4916 -14.2254 48.8545 30.1103 15.3091 -15.1186 -4.69721 -28.5388 -29.657 -22.8318 45.4411 -29.8054 42.1054 -5.33221 43.1986 -19.6783 25.2665 20.6299 20.0657 47.0968 -35.7904 43.9221 36.7154 46.8865 -6.83397 50.1878 44.2489 -27.3381 30.8591 -18.1625 -21.9711 51.1658 -11.6953 -9.41647 5.03202 -19.8728 42.2999 
230.6 -8.42911 -18.9601 -18.6118 -25.3051 1.6364 -3.83374 -12.3465 20.909 51.781 42.7073 50.361 -33.9016 30.5232 19.9418 -32.2543 -26.0364 -3.70111 -0.468609 -12.687 12.9052 6.86055 -20.4214 -29.8054 36 60 18 43 37 28 82 21 10 55 88 25 15 70 37 53 8 22 83 50 57 97 27 26 69 71 
273.205 -5.12783 11.6391 33.5159 59.0866 -3.41336 -10.8467 37.5504 7.56834 4.57599 -31.5014 -8.55321 50.1211 13.6743 40.1342 21.7751 40.1588 26.6463 8.66603 -45.0014 -9.98747 31.4726 22.8778 42.1054 60 51 49 10 28 39 98 88 10 93 77 90 76 99 52 31 87 77 99 57 66 52 17 41 35 68 
223.803 20.9881 -27.447 -22.4858 -13.4994 41.7118 -35.8607 50.5117 -15.3128 47.7678 -18.2021 61.2397 -28.756 -26.5163 59.855 22.3123 36.7327 -0.0138245 -35.7435 11.1552 -31.1608 -28.3875 31.3917 -5.33221 18 49 98 84 95 76 5 66 28 54 28 8 93 78 97 55 72 74 45 0 25 97 83 12 27 82 
236.696 15.3741 67.0876 -27.8961 8.17489 -13.154 5.17435 31.3246 17.8 40.4322 -41.0534 33.8107 38.718 27.1885 12.9189 7.3036 2.51023 -27.0238 -40.6208 2.19791 21.9657 -4.57717 36.4701 43.1986 43 10 84 21 93 34 39 34 21 59 85 57 54 61 62 72 41 16 52 50 62 82 99 17 54 73 
242.7 15.7082 18.8297 17.9904 5.67683 -22.6234 -14.4311 5.80172 -17.4322 -35.2833 -27.3688 34.8392 -38.235 -19.2021 14.6284 58.8654 -12.9733 -57.4895 -13.6332 52.1561 -13.9036 40.5931 -41.3013 -19.6783 37 28 95 93 15 6 51 64 90 63 91 72 37 37 59 28 71 80 87 56 90 41 70 52 65 11 
246.799 16.1441 45.8788 5.65857 34.1075 49.0574 12.6572 -13.2034 -53.3197 -1.81317 -3.81669 -5.31181 23.2464 -46.6856 -3.28203 -25.0151 24.5174 12.6699 -22.9602 41.1861 -34.4358 -19.1155 42.6864 25.2665 28 39 76 34 6 69 17 61 83 51 12 0 6 38 67 64 89 32 54 4 75 79 41 12 38 69 
256.241 25.3011 41.117 -3.67753 44.508 27.2292 -38.0078 -23.2802 -39.4682 52.6903 17.7387 53.4107 44.0999 10.7491 -15.5832 -11.5011 -37.1548 3.43253 39.9476 -6.38324 54.5784 17.2201 -32.5843 20.6299 82 98 5 39 51 17 36 70 56 44 60 49 14 65 14 26 86 83 39 69 35 52 21 93 90 89 
241.562 71.0716 -16.0504 54.4158 54.5554 -5.67203 28.3423 24.9083 -49.1344 19.9581 28.325 -17.0124 24.2857 -33.2445 -1.08749 9.24726 -41.6091 -27.1088 22.2962 30.7744 -22.6013 -1.17719 -50.7891 20.0657 21 88 66 34 64 61 70 9 31 73 64 35 48 95 77 13 33 98 49 55 55 93 68 56 60 33 
213.607 -5.64116 12.8887 6.87241 48.5527 19.614 -20.024 -6.27884 54.7542 52.029 -8.72204 -3.86985 22.3831 3.38845 13.4374 7.30849 38.2651 35.2785 -26.5314 20.7396 48.4648 -18.0766 -24.8085 47.0968 10 10 28 21 90 83 56 31 23 86 71 58 77 40 45 81 61 90 23 50 0 54 75 64 42 24 
278.064 30.6884 15.6818 0.257492 -29.9635 29.3673 -14.0229 38.3275 -36.294 0.100521 -12.5419 15.4317 -6.98486 -23.7738 17.2553 20.1461 21.2371 23.1388 6.49666 10.1265 -38.1326 34.3441 28.9962 -35.7904 55 93 54 59 63 51 44 73 86 59 19 89 44 69 38 51 76 83 19 33 43 4 56 81 75 66 
250.431 26.2083 1.12716 -6.81618 -12.7206 -9.43725 8.3961 -19.743 -12.0224 -24.5496 -15.8242 -22.9716 -21.1961 44.5643 -3.90921 -17.7427 13.0907 15.6331 28.0861 15.5818 -7.83575 -16.264 -3.63802 43.9221 88 77 28 85 91 12 60 64 71 19 11 67 12 92 29 2 68 31 2 74 7 18 16 83 77 87 
299.124 35.6221 35.2883 -38.2563 25.841 -39.0938 -11.6777 -22.544 8.48166 -24.3584 17.8388 22.5061 -19.3105 19.7627 55.4552 -40.582 13.1962 -64.8648 8.88184 30.9323 49.8555 -23.3829 32.0984 36.7154 25 90 8 57 72 0 49 35 58 89 67 72 73 57 62 25 33 97 96 18 41 53 26 74 80 93 
232.873 17.7914 -12.6085 -39.7113 -49.4974 5.41045 -44.7812 47.1397 -21.521 9.74361 -47.7934 -28.4716 47.8381 -8.80685 -6.40097 29.0978 39.5426 -5.94228 -25.8452 -1.12226 52.3424 -22.6177 -18.9878 46.8865 15 76 93 54 37 6 14 48 77 44 12 73 85 48 5 30 29 59 98 60 62 24 19 80 41 2 
220.684 -28.7667 52.6114 2.29777 -4.34213 25.1837 -14.7113 -31.6114 46.57 -30.575 -4.21804 25.8719 48.8438 14.4392 47.5699 12.2843 -30.5324 -48.7888 -14.6294 8.78285 39.9692 38.3462 -16.2149 -6.83397 70 99 78 61 37 38 65 95 40 69 92 57 48 10 80 26 83 89 40 8 23 38 57 93 31 10 
243.354 36.1775 39.1884 -0.133495 19.0403 74.5338 -36.8215 52.6648 24.6436 -27.5788 23.3605 -23.9023 -2.52053 37.8915 -17.279 8.67329 -37.3129 -2.88324 -9.67018 -16.6539 61.6947 31.7675 29.0458 50.1878 37 52 97 62 59 67 14 77 45 38 29 62 5 80 20 5 90 13 91 38 70 21 67 29 71 80 
236.482 21.3643 -25.7345 -5.87481 51.5305 53.7388 -8.01761 40.1008 -39.1469 12.9936 1.87245 49.4032 21.8912 45.1827 -20.9562 -27.5028 -19.3519 9.29842 26.1272 -22.3369 -25.7591 3.87894 -46.6231 44.2489 53 31 55 72 28 64 26 13 81 51 2 25 30 26 5 43 95 99 24 88 54 86 69 32 69 10 
246.021 65.9587 35.099 10.0271 8.92916 12.7131 14.2932 -43.1525 -2.01337 -54.6325 32.3881 -42.4744 21.6906 7.03059 -36.2075 -34.4339 39.5704 -58.6296 15.283 25.0739 9.24961 29.4299 -42.365 -27.3381 8 87 72 41 71 89 86 33 61 76 68 33 29 83 90 95 73 30 33 63 87 79 94 49 99 51 
273.742 -14.1925 -20.7236 -33.0801 45.8166 42.3471 -40.8765 45.4968 50.4109 -22.5333 17.4574 8.08268 38.9893 21.4583 -6.21062 -5.45098 -35.6573 24.7664 38.6622 -26.5828 27.4282 38.959 -3.35745 30.8591 22 77 74 16 80 32 83 98 90 83 31 97 59 89 13 99 30 39 64 42 30 86 15 49 15 86 
203.687 38.0637 -3.1996 35.813 3.27682 45.9522 -44.5668 -28.4027 2.64272 -7.06855 52.2499 -2.51083 22.602 61.7433 9.15892 57.9417 -0.678345 -45.748 -16.7376 16.2154 53.8873 12.6685 -39.439 -18.1625 83 99 45 52 87 54 39 49 23 19 2 96 98 40 91 24 33 64 81 11 34 33 87 22 87 73 
250.273 52.4559 -3.15328 -14.1959 31.292 49.993 -30.3354 39.4187 -31.7312 10.3495 49.9647 59.3288 -23.7556 -23.7583 64.5281 39.5571 -14.0308 37.5973 6.95178 -10.4053 18.1316 2.96181 39.0204 -21.9711 50 57 0 50 56 4 69 55 50 33 74 18 60 8 38 88 63 42 11 43 19 42 54 44 24 39 
249.574 9.53875 11.0344 -14.2994 31.1886 -10.2525 -5.02619 -50.088 -8.02869 -13.5759 33.3468 -30.5786 -45.2794 -12.3526 -34.0877 14.7347 -17.8767 -22.4937 -10.077 -24.4814 -33.8182 -13.5376 46.1353 51.1658 57 66 25 62 90 75 35 55 0 43 7 41 62 23 70 54 87 30 34 19 59 63 18 53 12 69 
219.444 11.7088 3.08921 51.3772 -34.8055 55.8029 -27.1222 -6.93566 7.75894 13.4489 0.319065 19.5269 21.472 27.5334 5.81103 -20.04 43.4594 -6.99105 -2.70003 14.0494 -28.3561 -29.6364 12.6366 -11.6953 97 52 97 82 41 79 52 93 54 4 18 53 24 38 21 86 79 86 33 42 63 5 4 33 99 34 
223.966 -44.741 -16.5064 -20.669 11.9981 3.18995 3.70333 -15.9204 -38.6585 -36.6845 7.35149 49.0756 13.9637 25.4518 50.0757 55.1728 5.1436 -33.8136 -19.0643 25.2008 -19.8748 16.0915 47.6263 -9.41647 27 17 83 99 70 41 21 68 75 56 16 26 19 57 67 69 94 15 87 54 18 4 19 15 35 87 
204.463 8.17797 -13.7886 16.1061 -15.1449 21.5404 -3.54178 31.4991 8.42687 64.7327 -3.02772 4.98306 8.98121 -7.09913 -3.84434 43.9604 8.70142 26.1595 32.2082 12.7897 -6.83983 57.7342 38.3065 5.03202 26 41 12 17 52 12 93 56 64 81 83 74 80 93 29 32 49 49 22 44 53 33 15 53 69 50 
267.879 62.986 -12.1423 -0.928894 14.6337 70.8453 46.6165 37.378 -21.2969 40.1631 30.4244 0.314034 -46.0853 41.1956 -19.6693 49.0813 11.2801 -43.5777 -48.6185 21.0958 -35.6111 30.1213 15.5318 -19.8728 69 35 27 54 65 38 90 60 42 75 77 80 41 31 71 69 99 15 87 24 12 99 35 69 87 2 
290.074 38.9261 8.77419 14.9383 -55.2069 22.1065 -47.2888 -52.945 -1.81606 45.3974 25.5803 45.7214 6.63771 17.9566 27.3649 -27.4222 -32.3861 -5.00955 -5.08128 23.6818 -8.27673 26.6458 -9.75745 42.2999 71 68 82 73 11 69 89 33 24 66 87 93 2 10 80 10 51 86 73 39 69 34 87 50 2 37 
