2528.29 81.2723 46.8535 14.5554 8.30736 109.221 56.2682 12.6456 -25.2512 61.3639 -24.8709 51.2895 -42.3302 81.0227 48.1315 29.2995 19.9073 -39.5324 -27.1402 49.6919 14.9862 51.8351 -9.1521 62.7077 -15.4678 -3.38526 25.7179 32.8859 17.8954 -21.9411 3.0885 4.28544 0.558507 -0.38072 -9.06215 15.6655 -4.81951 7.16483 24.1625 22.7662 23.1911 2.07841 2.89626 2.09628 -0.676449 0.81014 -2.39809 -8.67387 -10.9047 -2.91838 
81.2723 -249.218 17.5859 18.8722 -5.34745 2.81299 12.18 30.9662 24.3171 5.37548 8.05181 10.9455 26.1391 2.04246 11.6397 0.973792 5.49668 5.46721 -10.045 -4.002 -13.5832 10.2323 9.12707 28.7889 -2.79234 -21.7013 -11.5037 -4.12992 5.5182 24.8156 -2.2777 -0.759883 -6.87479 3.91518 -12.456 2.08979 8.7712 1.42588 4.30305 -11.2755 9.83527 -8.60119 7.35475 -3.06286 1.59444 -1.12649 -1.27798 0.0646245 7.09162 -1.36828 
46.8535 17.5859 -260.328 -20.54 -6.10481 11.2093 -5.65573 -6.48655 13.3599 -11.279 -19.3907 -28.1004 -26.0533 23.9011 -46.9412 25.0954 -29.8673 -22.9224 7.78079 8.14446 -51.5996 -39.4794 -18.1797 -17.8191 2.78337 4.12329 0.836485 -10.4074 -5.01435 1.98875 8.91591 -22.6941 10.4303 4.53322 7.3934 -10.259 2.46886 -12.9591 -6.93971 -22.5852 -5.41046 11.5108 1.54555 7.34384 -1.27678 -5.31808 -0.638561 2.01477 -5.9581 3.32156 
14.5554 18.8722 -20.54 275.119 -42.6794 4.00104 7.1462 -24.5952 4.30307 28.9635 -18.0091 17.7044 12.0256 2.91202 41.9034 -18.4456 -18.0816 29.383 10.4692 -8.36222 22.1251 12.1914 -11.9405 -7.39613 31.0466 6.83488 -19.4435 -13.5244 8.54931 -1.95191 15.0646 18.3816 0.545241 10.5604 16.359 9.06971 22.5141 0.293634 -11.4123 -18.8099 -3.03865 18.4396 -7.63054 4.78524 6.20266 2.21738 -7.22318 11.8225 -0.540446 13.2785 
8.30736 -5.34745 -6.10481 -42.6794 -228.574 24.072 -20.1858 0.431242 1.40697 23.1785 -16.5962 6.35658 -52.8574 -26.8093 0.0540652 21.5125 -18.5067 10.1511 -26.0858 -1.33329 -0.148605 1.04171 -13.5976 -16.3486 -7.43384 2.17018 30.4096 -28.6105 -7.02767 15.0286 27.0006 16.337 -11.844 32.737 16.7607 16.8779 8.02294 4.48863 11.5633 -19.9676 -3.15225 8.756 -0.20137 -4.7085 4.7811 -2.56254 -0.557352 4.94412 -18.1104 0 
109.221 2.81299 11.2093 4.00104 24.072 -49.0701 7.0612 -25.8367 -19.5594 -0.374047 -8.91421 -9.9073 4.41929 -5.17445 0 14.005 -25.0715 68.2606 -16.1361 23.4327 4.57927 13.4012 -20.9564 23.8803 -44.8256 47.9088 19.6563 0.251857 -12.3329 63.8139 52.0606 62.9482 20.6601 15.251 -37.2781 -17.9347 5.12478 29.2517 27.2933 27.1744 23.3374 15.0468 37.2888 47.0364 -31.8336 29.1073 -11.3894 -5.69137 -13.6974 4.41821 
56.2682 12.18 -5.65573 7.1462 -20.1858 7.0612 -1.27615 46.2947 6.66919 18.6097 -9.53059 44.3929 -22.4608 -60.9417 12.4912 20.3763 5.53979 -31.8306 10.823 31.0225 -18.044 -40.901 -7.89068 43.3508 -4.96792 -50.9112 -14.0015 -18.9076 -33.8067 6.15987 -46.5768 5.81192 -29.544 5.6655 -14.6598 -51.155 -23.5812 -11.0544 -10.2328 -6.8297 15.5026 -37.4972 -19.6435 -10.9637 -27.9257 6.3267 -10.6024 9.71366 65.5534 -13.2416 
12.6456 30.9662 -6.48655 -24.5952 0.431242 -25.8367 46.2947 -101.835 2.04452 -13.3129 14.1496 19.4216 -26.8599 -10.2057 -4.08314 44.2653 19.439 -20.3077 -38.966 -23.5939 0.596621 33.0537 48.4039 32.8699 -24.8083 55.1945 10.1683 27.148 15.4829 -8.09926 -9.20814 68.4684 -4.09311 9.04732 -5.57501 2.70993 -9.5157 -43.7663 24.4092 37.0029 -15.566 20.6672 -33.4244 32.441 -35.7414 -32.2642 -26.0196 8.88523 36.8324 -76.6011 
-25.2512 24.3171 13.3599 4.30307 1.40697 -19.5594 6.66919 2.04452 54.1136 -7.37885 52.4689 24.0988 -35.3688 -0.904938 2.141 4.44313 -31.3581 -0.523613 22.3038 -25.6207 -37.3215 27.2053 -34.198 -4.0387 26.4391 -3.0182 13.8587 -15.5612 -37.0447 -45.0933 -30.0688 -10.9413 33.7709 -28.9939 3.1918 12.9099 -1.79627 4.97337 15.318 17.6529 -2.72399 74.594 10.3312 9.48261 10.8384 -8.27041 -1.59756 6.71775 15.4907 -11.8731 
61.3639 5.37548 -11.279 28.9635 23.1785 -0.374047 18.6097 -13.3129 -7.37885 77.4876 12.5306 -6.68923 4.33698 21.1897 -5.85039 -41.9629 -21.301 15.9009 19.3708 16.6799 56.1602 -33.1185 -40.5835 24.0543 26.4953 -1.7368 14.5881 46.183 -31.0199 23.3208 62.231 9.12339 43.4871 -26.6295 -16.6458 8.6754 -13.5049 -36.4743 -34.3721 9.10831 -25.7169 -31.6669 -25.189 7.05795 16.152 -30.6736 -26.9719 16.1336 24.2836 12.3118 
-24.8709 8.05181 -19.3907 -18.0091 -16.5962 -8.91421 -9.53059 14.1496 52.4689 12.5306 1.83721 -16.546 -12.3121 -12.7218 -16.5282 5.14076 24.2568 -26.5794 -5.619 10.7508 14.3239 2.10872 -1.82489 -22.9934 24.6463 -18.3182 -61.0384 -44.3756 1.09368 9.06785 14.8595 52.382 -8.56581 -30.8603 6.2106 39.0716 -76.5561 5.83512 -16.5514 -17.6521 68.6826 -15.0135 43.2678 12.7344 51.4047 -14.4099 10.7138 -19.8233 3.7875 21.9757 
51.2895 10.9455 -28.1004 17.7044 6.35658 -9.9073 44.3929 19.4216 24.0988 -6.68923 -16.546 32.5944 -6.22841 3.40983 -9.37916 -19.8797 20.7278 -1.85119 10.1493 9.90337 -19.2166 10.0748 14.0306 -14.3786 56.3504 -7.76777 67.0802 16.4626 7.71358 2.03885 52.7675 -35.1507 3.26788 12.9036 -40.8769 2.23165 -23.4046 22.4954 9.21466 62.8529 -56.2995 40.9536 2.99684 70.3991 -33.6166 13.6555 50.4412 6.17065 3.31966 21.9018 
-42.3302 26.1391 -26.0533 12.0256 -52.8574 4.41929 -22.4608 -26.8599 -35.3688 4.33698 -12.3121 -6.22841 77.2603 17.0877 48.7189 53.5423 9.39231 -1.35558 15.6905 -19.5484 -32.7111 54.4855 -38.7163 -13.1414 -25.1379 32.7045 -52.6175 35.1201 -1.93423 -9.17741 -4.60494 -17.3079 11.2301 -23.5078 -23.2753 -7.3893 21.2877 47.0446 -67.8178 -23.45 5.03939 4.6233 -41.0542 -73.2892 -38.7395 -22.9673 32.2111 -13.696 -88.6613 -12.3405 
81.0227 2.04246 23.9011 2.91202 -26.8093 -5.17445 -60.9417 -10.2057 -0.904938 21.1897 -12.7218 3.40983 17.0877 -9.84326 -21.7211 25.3034 -4.62844 8.56717 -13.0919 26.3677 -3.06727 22.98 52.7701 -4.31971 13.6505 0.081521 -7.43214 14.4124 -22.1007 -29.3876 28.478 9.47099 -26.7314 -5.20811 25.1783 4.05375 13.424 -10.897 11.3909 57.0978 11.4834 3.55739 58.6732 2.93618 -29.6216 19.066 26.2888 -3.14804 39.9029 30.032 
48.1315 11.6397 -46.9412 41.9034 0.0540652 0 12.4912 -4.08314 2.141 -5.85039 -16.5282 -9.37916 48.7189 -21.7211 27.2859 2.15796 22.9421 8.46472 40.4917 41.4322 50.1858 -12.5754 -5.00522 -8.90386 19.6934 12.536 51.6565 -12.3099 24.535 -20.5787 -38.644 -23.8259 -9.33653 8.35646 0.739322 46.36 -11.3757 13.0981 -49.5171 -31.2217 -46.0991 -34.3795 -13.8721 43.1323 -32.5835 -16.8305 52.4966 -22.5653 -36.6494 17.5948 
29.2995 0.973792 25.0954 -18.4456 21.5125 14.005 20.3763 44.2653 4.44313 -41.9629 5.14076 -19.8797 53.5423 25.3034 2.15796 37.8051 -32.3592 26.6806 25.73 50.5183 -2.02886 -33.4809 36.3624 49.8675 -41.651 17.9611 19.7236 0.594774 46.5937 -22.9335 -16.9798 5.01375 -2.21191 6.00969 -18.936 -37.6118 15.5943 3.80689 1.82839 -21.1604 -50.2937 -5.79577 42.1101 40.4789 31.6339 -32.0615 64.2596 29.6867 42.3318 -51.7217 
19.9073 5.49668 -29.8673 -18.0816 -18.5067 -25.0715 5.53979 19.439 -31.3581 -21.301 24.2568 20.7278 9.39231 -4.62844 22.9421 -32.3592 -37.8047 29.561 -33.5021 50.4658 -26.0726 -25.4882 5.38916 23.4053 -24.7762 49.3452 8.60561 0.772632 -29.5629 14.5162 -31.1394 -49.4385 50.82 14.5444 9.70802 1.16691 37.2495 -8.08375 5.55203 -15.3522 41.278 -0.237807 21.6154 -21.303 -23.5699 35.1032 -0.0993038 5.36231 13.5425 -43.6588 
-39.5324 5.46721 -22.9224 29.383 10.1511 68.2606 -31.8306 -20.3077 -0.523613 15.9009 -26.5794 -1.85119 -1.35558 8.56717 8.46472 26.6806 29.561 -39.6 23.1536 -22.5814 -17.7186 -9.81994 -59.7056 16.4184 -1.8441 22.9385 -17.1372 -15.3148 -55.9619 20.4693 17.3704 -17.4076 27.0095 19.9971 18.4019 -51.6158 8.30874 -17.4353 50.8617 25.0425 -43.0544 64.1515 -21.0615 38.5534 -5.18644 -18.4818 -19.7152 16.3426 -31.6864 -6.18712 
-27.1402 -10.045 7.78079 10.4692 -26.0858 -16.1361 10.823 -38.966 22.3038 19.3708 -5.619 10.1493 15.6905 -13.0919 40.4917 25.73 -33.5021 23.1536 7.53736 50.1856 30.6132 1.47657 0.0204105 -2.86763 5.29617 2.66146 -28.7236 -49.3251 -14.4362 -11.4673 35.632 40.9969 -35.4917 7.90045 14.4841 1.46961 -7.41749 -17.3439 -8.27789 29.0658 15.4586 45.0282 -17.782 4.21158 -3.89237 -13.4394 -6.30174 34.7974 -36.6281 -7.54675 
49.6919 -4.002 8.14446 -8.36222 -1.33329 23.4327 31.0225 -23.5939 -25.6207 16.6799 10.7508 9.90337 -19.5484 26.3677 41.4322 50.5183 50.4658 -22.5814 50.1856 -5.904 16.6976 -1.51611 15.0003 -27.472 -14.0706 -37.253 -10.5637 11.2021 51.8533 26.8043 -1.3051 21.2428 24.4798 -12.7227 10.0739 32.4317 -32.3995 34.2367 5.71353 -22.792 23.6351 -14.1064 27.9583 -22.2909 -18.1564 7.27682 20.0444 0.614016 20.8395 12.241 
14.9862 -13.5832 -51.5996 22.1251 -0.148605 4.57927 -18.044 0.596621 -37.3215 56.1602 14.3239 -19.2166 -32.7111 -3.06727 50.1858 -2.02886 -26.0726 -17.7186 30.6132 16.6976 39.157 -12.0368 -46.0827 -22.5196 11.9249 -11.9835 -28.4123 26.3129 -0.241262 -21.9505 58.1343 -14.8907 41.5047 -30.2035 -4.11147 59.17 63.8635 39.0187 61.0275 -23.6253 17.9532 16.8881 51.3937 8.91241 -34.9627 -41.6309 -15.3281 -21.7472 -39.822 -9.95748 
51.8351 10.2323 -39.4794 12.1914 1.04171 13.4012 -40.901 33.0537 27.2053 -33.1185 2.10872 10.0748 54.4855 22.98 -12.5754 -33.4809 -25.4882 -9.81994 1.47657 -1.51611 -12.0368 -12.6816 5.02924 -55.7285 2.22277 37.6155 -55.5811 0.517619 33.9614 -29.9112 22.8348 -14.8736 -14.3781 6.76951 -13.7785 -12.5045 -55.9571 59.2696 54.438 15.5352 29.7332 42.5297 16.4718 -12.3397 -1.56815 -34.1067 3.63512 23.8956 10.0168 6.02714 
-9.1521 9.12707 -18.1797 -11.9405 -13.5976 -20.9564 -7.89068 48.4039 -34.198 -40.5835 -1.82489 14.0306 -38.7163 52.7701 -5.00522 36.3624 5.38916 -59.7056 0.0204105 15.0003 -46.0827 5.02924 -33.9743 -21.4247 -18.5405 29.9773 38.9133 17.4933 -27.7297 45.4279 -26.04 -41.8513 -12.5103 44.0955 -0.114588 15.1127 -19.8987 -38.2931 -9.0812 -45.8611 -38.1819 -18.2471 -50.2656 45.2771 20.4532 15.3985 35.3945 58.5816 0.656293 1.82066 
62.7077 28.7889 -17.8191 -7.39613 -16.3486 23.8803 43.3508 32.8699 -4.0387 24.0543 -22.9934 -14.3786 -13.1414 -4.31971 -8.90386 49.8675 23.4053 16.4184 -2.86763 -27.472 -22.5196 -55.7285 -21.4247 46.8639 -25.881 38.0952 -5.97735 37.8659 -13.768 8.59027 19.3019 16.8699 40.9386 -26.1886 37.5298 22.1936 47.625 -13.2193 33.5225 24.5898 -24.0072 15.3696 -18.4232 -24.877 9.27178 -9.34305 -40.3149 17.5267 -35.6783 56.1307 
-15.4678 -2.79234 2.78337 31.0466 -7.43384 -44.8256 -4.96792 -24.8083 26.4391 26.4953 24.6463 56.3504 -25.1379 13.6505 19.6934 -41.651 -24.7762 -1.8441 5.29617 -14.0706 11.9249 2.22277 -18.5405 -25.881 -3.16825 9.12219 -19.0615 -2.74319 -6.67896 -15.0249 28.623 -13.4691 -27.1595 7.16512 25.5417 -41.8605 -14.4501 29.3405 -7.20027 7.96816 -35.1344 -21.5812 48.3005 0.265127 12.4229 50.9103 -4.38969 1.64586 28.4168 22.1421 
-3.38526 -21.7013 4.12329 6.83488 2.17018 47.9088 -50.9112 55.1945 -3.0182 -1.7368 -18.3182 -7.76777 32.7045 0.081521 12.536 17.9611 49.3452 22.9385 2.66146 -37.253 -11.9835 37.6155 29.9773 38.0952 9.12219 -2.74396 -1.10362 -42.1305 -29.3278 -5.2276 38.4199 37.8476 -26.3882 18.3063 16.4267 17.3987 18.3919 41.3428 -7.44406 -15.1664 16.3704 12.4473 41.7748 -11.7241 14.5421 -4.3918 -26.0096 -11.1214 -27.5538 -9.02633 
25.7179 -11.5037 0.836485 -19.4435 30.4096 19.6563 -14.0015 10.1683 13.8587 14.5881 -61.0384 67.0802 -52.6175 -7.43214 51.6565 19.7236 8.60561 -17.1372 -28.7236 -10.5637 -28.4123 -55.5811 38.9133 -5.97735 -19.0615 -1.10362 56.6212 33.5591 47.3789 14.4224 -46.801 14.622 -7.31082 -2.47542 -22.8818 -54.3719 43.3838 29.1828 37.7988 7.53055 11.3494 10.2609 1.23048 -53.7677 -40.0773 55.2123 33.9486 -22.5692 -30.7941 20.0251 
32.8859 -4.12992 -10.4074 -13.5244 -28.6105 0.251857 -18.9076 27.148 -15.5612 46.183 -44.3756 16.4626 35.1201 14.4124 -12.3099 0.594774 0.772632 -15.3148 -49.3251 11.2021 26.3129 0.517619 17.4933 37.8659 -2.74319 -42.1305 33.5591 -13.5072 30.003 -20.6049 -14.9311 -23.5442 -17.4559 -5.06854 28.0405 2.96066 1.4224 23.3964 26.1748 15.978 -15.8589 -32.2119 16.8958 -0.206152 16.3546 38.8307 44.873 -15.0338 3.82276 20.872 
17.8954 5.5182 -5.01435 8.54931 -7.02767 -12.3329 -33.8067 15.4829 -37.0447 -31.0199 1.09368 7.71358 -1.93423 -22.1007 24.535 46.5937 -29.5629 -55.9619 -14.4362 51.8533 -0.241262 33.9614 -27.7297 -13.768 -6.67896 -29.3278 47.3789 30.003 -23.8911 -43.4025 4.04731 16.5621 45.9698 12.9034 41.5396 4.30686 -11.2246 -21.2071 -10.3324 -18.5771 26.1231 10.8236 32.8699 5.50867 23.0345 -10.8993 13.5775 9.97736 -1.80961 -45.3876 
-21.9411 24.8156 1.98875 -1.95191 15.0286 63.8139 6.15987 -8.09926 -45.0933 23.3208 9.06785 2.03885 -9.17741 -29.3876 -20.5787 -22.9335 14.5162 20.4693 -11.4673 26.8043 -21.9505 -29.9112 45.4279 8.59027 -15.0249 -5.2276 14.4224 -20.6049 -43.4025 13.2305 -22.6541 3.76603 47.9727 -11.1088 -25.2787 -54.1157 -50.7829 -10.0733 8.2407 24.6112 32.5144 -27.6963 9.35475 -37.9693 14.5819 46.5039 -18.8401 -32.0281 -26.2339 11.2059 
3.0885 -2.2777 8.91591 15.0646 27.0006 52.0606 -46.5768 -9.20814 -30.0688 62.231 14.8595 52.7675 -4.60494 28.478 -38.644 -16.9798 -31.1394 17.3704 35.632 -1.3051 58.1343 22.8348 -26.04 19.3019 28.623 38.4199 -46.801 -14.9311 4.04731 -22.6541 -17.5479 16.9881 7.30064 -17.8399 10.6618 -5.12421 -34.3935 11.0499 -37.124 -13.1924 35.6807 24.5009 -19.2589 19.7798 -6.69809 -5.75629 -16.0207 31.1043 30.2814 10.0459 
4.28544 -0.759883 -22.6941 18.3816 16.337 62.9482 5.81192 68.4684 -10.9413 9.12339 52.382 -35.1507 -17.3079 9.47099 -23.8259 5.01375 -49.4385 -17.4076 40.9969 21.2428 -14.8907 -14.8736 -41.8513 16.8699 -13.4691 37.8476 14.622 -23.5442 16.5621 3.76603 16.9881 -36.4529 -3.94011 16.4156 0.313862 -35.3881 5.35044 38.8372 11.1152 -33.0005 -25.978 32.9757 1.79539 -1.39253 -13.0773 41.3902 19.7637 26.9368 1.41168 -23.3627 
0.558507 -6.87479 10.4303 0.545241 -11.844 20.6601 -29.544 -4.09311 33.7709 43.4871 -8.56581 3.26788 11.2301 -26.7314 -9.33653 -2.21191 50.82 27.0095 -35.4917 24.4798 41.5047 -14.3781 -12.5103 40.9386 -27.1595 -26.3882 -7.31082 -17.4559 45.9698 47.9727 7.30064 -3.94011 1.97114 22.9465 16.3825 -1.87472 31.6034 -11.3939 -1.96802 43.679 -1.44624 36.9793 -21.6833 -3.64416 -39.8683 4.21994 40.6785 30.5208 -1.83714 -31.7175 
-0.38072 3.91518 4.53322 10.5604 32.737 15.251 5.6655 9.04732 -28.9939 -26.6295 -30.8603 12.9036 -23.5078 -5.20811 8.35646 6.00969 14.5444 19.9971 7.90045 -12.7227 -30.2035 6.76951 44.0955 -26.1886 7.16512 18.3063 -2.47542 -5.06854 12.9034 -11.1088 -17.8399 16.4156 22.9465 4.39056 -42.8041 23.0568 -2.62445 7.87708 -26.1854 -6.19412 24.9109 10.587 -33.8297 -18.9985 -25.9989 -53.7964 -0.498464 32.0226 9.48726 -2.78391 
-9.06215 -12.456 7.3934 16.359 16.7607 -37.2781 -14.6598 -5.57501 3.1918 -16.6458 6.2106 -40.8769 -23.2753 25.1783 0.739322 -18.936 9.70802 18.4019 14.4841 10.0739 -4.11147 -13.7785 -0.114588 37.5298 25.5417 16.4267 -22.8818 28.0405 41.5396 -25.2787 10.6618 0.313862 16.3825 -42.8041 -28.232 18.1229 -38.0168 34.4125 -23.7848 -34.6869 12.3654 -29.3612 -51.7022 27.3102 -27.3839 -31.7496 -19.1128 8.88274 11.6018 4.28172 
15.6655 2.08979 -10.259 9.06971 16.8779 -17.9347 -51.155 2.70993 12.9099 8.6754 39.0716 2.23165 -7.3893 4.05375 46.36 -37.6118 1.16691 -51.6158 1.46961 32.4317 59.17 -12.5045 15.1127 22.1936 -41.8605 17.3987 -54.3719 2.96066 4.30686 -54.1157 -5.12421 -35.3881 -1.87472 23.0568 18.1229 13.3953 14.6796 -0.452064 10.3342 -27.8009 -30.4302 33.6414 44.2023 -37.6612 -9.85161 -0.259318 -26.5572 6.61219 7.27781 7.34106 
-4.81951 8.7712 2.46886 22.5141 8.02294 5.12478 -23.5812 -9.5157 -1.79627 -13.5049 -76.5561 -23.4046 21.2877 13.424 -11.3757 15.5943 37.2495 8.30874 -7.41749 -32.3995 63.8635 -55.9571 -19.8987 47.625 -14.4501 18.3919 43.3838 1.4224 -11.2246 -50.7829 -34.3935 5.35044 31.6034 -2.62445 -38.0168 14.6796 42.8283 -2.45341 -47.9344 -16.3523 -15.7066 2.60581 56.6284 18.3538 4.54121 -18.4201 -30.5468 37.7414 -15.2575 -50.157 
7.16483 1.42588 -12.9591 0.293634 4.48863 29.2517 -11.0544 -43.7663 4.97337 -36.4743 5.83512 22.4954 47.0446 -10.897 13.0981 3.80689 -8.08375 -17.4353 -17.3439 34.2367 39.0187 59.2696 -38.2931 -13.2193 29.3405 41.3428 29.1828 23.3964 -21.2071 -10.0733 11.0499 38.8372 -11.3939 7.87708 34.4125 -0.452064 -2.45341 -33.1013 40.5865 -29.2981 29.6803 31.1168 -4.0352 -41.3896 -23.1403 -12.2275 9.53659 43.564 -22.5948 -53.4824 
24.1625 4.30305 -6.93971 -11.4123 11.5633 27.2933 -10.2328 24.4092 15.318 -34.3721 -16.5514 9.21466 -67.8178 11.3909 -49.5171 1.82839 5.55203 50.8617 -8.27789 5.71353 61.0275 54.438 -9.0812 33.5225 -7.20027 -7.44406 37.7988 26.1748 -10.3324 8.2407 -37.124 11.1152 -1.96802 -26.1854 -23.7848 10.3342 -47.9344 40.5865 -19.3667 -44.4947 32.3766 -35.4951 48.9128 -1.81183 25.778 -18.1375 11.5285 -18.2356 14.7155 16.8464 
22.7662 -11.2755 -22.5852 -18.8099 -19.9676 27.1744 -6.8297 37.0029 17.6529 9.10831 -17.6521 62.8529 -23.45 57.0978 -31.2217 -21.1604 -15.3522 25.0425 29.0658 -22.792 -23.6253 15.5352 -45.8611 24.5898 7.96816 -15.1664 7.53055 15.978 -18.5771 24.6112 -13.1924 -33.0005 43.679 -6.19412 -34.6869 -27.8009 -16.3523 -29.2981 -44.4947 12.6352 38.5839 40.3174 -23.9186 40.4755 5.96482 42.4155 23.5711 -18.1066 4.23826 -47.9445 
23.1911 9.83527 -5.41046 -3.03865 -3.15225 23.3374 15.5026 -15.566 -2.72399 -25.7169 68.6826 -56.2995 5.03939 11.4834 -46.0991 -50.2937 41.278 -43.0544 15.4586 23.6351 17.9532 29.7332 -38.1819 -24.0072 -35.1344 16.3704 11.3494 -15.8589 26.1231 32.5144 35.6807 -25.978 -1.44624 24.9109 12.3654 -30.4302 -15.7066 29.6803 32.3766 38.5839 19.5586 -36.4825 -16.2142 16.714 12.3025 30.3007 26.7411 8.24399 32.396 0.265157 
2.07841 -8.60119 11.5108 18.4396 8.756 15.0468 -37.4972 20.6672 74.594 -31.6669 -15.0135 40.9536 4.6233 3.55739 -34.3795 -5.79577 -0.237807 64.1515 45.0282 -14.1064 16.8881 42.5297 -18.2471 15.3696 -21.5812 12.4473 10.2609 -32.2119 10.8236 -27.6963 24.5009 32.9757 36.9793 10.587 -29.3612 33.6414 2.60581 31.1168 -35.4951 40.3174 -36.4825 -17.5251 11.8518 -7.8713 -20.2054 31.1853 -38.9488 -7.89713 -42.0423 12.6817 
2.89626 7.35475 1.54555 -7.63054 -0.20137 37.2888 -19.6435 -33.4244 10.3312 -25.189 43.2678 2.99684 -41.0542 58.6732 -13.8721 42.1101 21.6154 -21.0615 -17.782 27.9583 51.3937 16.4718 -50.2656 -18.4232 48.3005 41.7748 1.23048 16.8958 32.8699 9.35475 -19.2589 1.79539 -21.6833 -33.8297 -51.7022 44.2023 56.6284 -4.0352 48.9128 -23.9186 -16.2142 11.8518 36.4845 -33.1856 -11.2795 -14.9314 41.8017 -16.3006 37.787 21.2046 
2.09628 -3.06286 7.34384 4.78524 -4.7085 47.0364 -10.9637 32.441 9.48261 7.05795 12.7344 70.3991 -73.2892 2.93618 43.1323 40.4789 -21.303 38.5534 4.21158 -22.2909 8.91241 -12.3397 45.2771 -24.877 0.265127 -11.7241 -53.7677 -0.206152 5.50867 -37.9693 19.7798 -1.39253 -3.64416 -18.9985 27.3102 -37.6612 18.3538 -41.3896 -1.81183 40.4755 16.714 -7.8713 -33.1856 3.27677 -22.5243 -4.47532 10.7334 -1.88502 -24.1919 -15.6821 
-0.676449 1.59444 -1.27678 6.20266 4.7811 -31.8336 -27.9257 -35.7414 10.8384 16.152 51.4047 -33.6166 -38.7395 -29.6216 -32.5835 31.6339 -23.5699 -5.18644 -3.89237 -18.1564 -34.9627 -1.56815 20.4532 9.27178 12.4229 14.5421 -40.0773 16.3546 23.0345 14.5819 -6.69809 -13.0773 -39.8683 -25.9989 -27.3839 -9.85161 4.54121 -23.1403 25.778 5.96482 12.3025 -20.2054 -11.2795 -22.5243 5.86561 22.5628 -38.377 6.4852 -44.3456 2.44725 
0.81014 -1.12649 -5.31808 2.21738 -2.56254 29.1073 6.3267 -32.2642 -8.27041 -30.6736 -14.4099 13.6555 -22.9673 19.066 -16.8305 -32.0615 35.1032 -18.4818 -13.4394 7.27682 -41.6309 -34.1067 15.3985 -9.34305 50.9103 -4.3918 55.2123 38.8307 -10.8993 46.5039 -5.75629 41.3902 4.21994 -53.7964 -31.7496 -0.259318 -18.4201 -12.2275 -18.1375 42.4155 30.3007 31.1853 -14.9314 -4.47532 22.5628 -45.2381 -37.1589 -17.1695 45.0533 -24.457 
-2.39809 -1.27798 -0.638561 -7.22318 -0.557352 -11.3894 -10.6024 -26.0196 -1.59756 -26.9719 10.7138 50.4412 32.2111 26.2888 52.4966 64.2596 -0.0993038 -19.7152 -6.30174 20.0444 -15.3281 3.63512 35.3945 -40.3149 -4.38969 -26.0096 33.9486 44.873 13.5775 -18.8401 -16.0207 19.7637 40.6785 -0.498464 -19.1128 -26.5572 -30.5468 9.53659 11.5285 23.5711 26.7411 -38.9488 41.8017 10.7334 -38.377 -37.1589 -29.0869 -26.3189 -17.0174 28.2741 
-8.67387 0.0646245 2.01477 11.8225 4.94412 -5.69137 9.71366 8.88523 6.71775 16.1336 -19.8233 6.17065 -13.696 -3.14804 -22.5653 29.6867 5.36231 16.3426 34.7974 0.614016 -21.7472 23.8956 58.5816 17.5267 1.64586 -11.1214 -22.5692 -15.0338 9.97736 -32.0281 31.1043 26.9368 30.5208 32.0226 8.88274 6.61219 37.7414 43.564 -18.2356 -18.1066 8.24399 -7.89713 -16.3006 -1.88502 6.4852 -17.1695 -26.3189 23.6352 26.0631 8.33332 
-10.9047 7.09162 -5.9581 -0.540446 -18.1104 -13.6974 65.5534 36.8324 15.4907 24.2836 3.7875 3.31966 -88.6613 39.9029 -36.6494 42.3318 13.5425 -31.6864 -36.6281 20.8395 -39.822 10.0168 0.656293 -35.6783 28.4168 -27.5538 -30.7941 3.82276 -1.80961 -26.2339 30.2814 1.41168 -1.83714 9.48726 11.6018 7.27781 -15.2575 -22.5948 14.7155 4.23826 32.396 -42.0423 37.787 -24.1919 -44.3456 45.0533 -17.0174 26.0631 33.1813 -58.2099 
-2.91838 -1.36828 3.32156 13.2785 0 4.41821 -13.2416 -76.6011 -11.8731 12.3118 21.9757 21.9018 -12.3405 30.032 17.5948 -51.7217 -43.6588 -6.18712 -7.54675 12.241 -9.95748 6.02714 1.82066 56.1307 22.1421 -9.02633 20.0251 20.872 -45.3876 11.2059 10.0459 -23.3627 -31.7175 -2.78391 4.28172 7.34106 -50.157 -53.4824 16.8464 -47.9445 0.265157 12.6817 21.2046 -15.6821 2.44725 -24.457 28.2741 8.33332 -58.2099 -5.45154 
