2552.21 -0.916093 -1.86955 0.748459 0.227647 -2.42835 -1.90751 0.410837 0.769306 0.746456 -2.4288 1.29559 0.227625 -0.910969 -0.634735 2.33853 0.295326 0.283757 -1.12772 1.95258 0.844199 0.259407 3.0266 2.47483 0.347878 0.382078 -0.304586 0.323369 0.0212719 -0.729265 -2.61941 -1.0224 1.19632 0.317361 0.559978 0.0119687 -0.503634 -0.1714 -1.53037 0.374819 -0.00653651 0.373583 0.088752 0.491775 -0.805696 0.315425 0.457011 0.350592 0.629454 0.0813229 
-0.916093 -296.603 -24.2803 -27.0255 -17.4121 7.34879 -1.61134 24.8108 6.17093 -20.9213 17.6269 4.10222 5.0544 19.8053 -8.56034 11.9918 -0.180822 -12.5408 -7.09224 -24.2626 -4.56921 -0.466945 -1.67211 3.32469 -10.2668 2.42544 -2.52692 1.11721 -1.83465 -10.0402 -7.51805 -7.00864 -3.58902 -0.176964 -1.83246 -0.853343 -1.64379 4.09201 -1.12788 -1.72252 -8.61955 -1.78412 1.71534 11.4037 1.53309 3.81149 -6.82561 -0.940529 -0.055514 -2.38193 
-1.86955 -24.2803 -319.779 2.82557 8.63101 -2.19048 -5.12253 10.6299 -0.344976 3.22062 -7.05539 18.9963 -5.26544 -5.83567 -7.75164 -2.59284 3.86859 -6.97455 4.86753 -7.25209 -2.95045 1.74838 -2.59584 3.66745 1.28352 -9.88838 -0.168158 1.13376 -7.75237 -7.00766 -1.11029 -7.73549 -7.25481 3.09123 0.181477 -5.8242 -5.96416 4.85309 3.78826 -5.30606 -12.917 -6.62602 -4.78267 8.26119 -2.83333 2.4974 -1.38132 -5.92993 2.71943 -1.77499 
0.748459 -27.0255 2.82557 278.548 -15.6399 15.6601 3.86741 9.49102 4.77517 16.6219 -34.8869 -16.256 3.27929 2.15567 6.13275 -6.18068 -4.92059 0.226065 -23.6785 11.0573 1.25339 -10.3989 -8.65423 -2.53528 0.830289 0.882624 -11.3358 -2.48156 2.97851 -1.73913 -8.51987 8.66898 8.38614 4.2302 -5.6682 3.74139 5.38923 -6.79858 -0.0317043 5.45111 -2.16463 1.71868 -2.3746 -3.20363 4.64418 -0.141715 2.86414 -3.90818 -1.88668 -1.26367 
0.227647 -17.4121 8.63101 -15.6399 -301.294 13.9393 -4.0269 -3.93282 -12.5431 1.5365 8.92323 -22.9085 0.793637 17.0425 -1.50924 0.326376 1.12766 2.85736 7.38966 -12.3323 -9.48808 -5.86336 0.316469 -3.19574 -12.3276 9.52362 -1.94782 10.1274 0.24935 -4.55153 -4.66286 0.294984 -4.02681 -4.32811 -6.53905 0.782248 8.0148 1.428 -9.52506 3.22565 -2.91489 7.71174 -6.88596 4.3747 -5.16662 -1.34362 -0.38752 3.66786 -4.51827 1.29953 
-2.42835 7.34879 -2.19048 15.6601 13.9393 -249.016 15.1481 7.66192 21.3005 7.33533 -2.47636 17.0191 4.15775 -26.1417 -11.9776 -0.828631 -8.70664 -0.271455 -9.46188 12.866 6.59631 4.30608 -2.94166 -7.23559 -2.94483 2.88917 2.2729 -11.0268 -6.44311 -0.408327 -5.00567 2.81062 8.92919 5.5874 0.633136 5.86509 2.54675 -6.69625 -2.8893 -2.86183 -6.11169 4.04622 1.65154 -3.9548 6.6397 -1.4338 1.8501 -4.88334 3.21553 -6.8768 
-1.90751 -1.61134 -5.12253 3.86741 -4.0269 15.1481 -263.683 -10.3824 -6.0447 -0.252727 6.96613 -1.25719 12.2869 11.734 -0.264026 25.6003 1.88353 3.48159 14.9873 -3.87753 -3.09302 -1.98254 13.2268 6.50414 5.03976 0.595625 4.75668 7.63149 2.98819 2.11981 -14.0109 -2.91644 3.63777 -13.6339 2.90521 -4.21135 2.57226 7.75802 -4.85554 -2.44484 11.3414 3.71436 5.4011 -0.745188 -2.18189 -1.22012 1.56655 6.33821 1.06006 7.61561 
0.410837 24.8108 10.6299 9.49102 -3.93282 7.66192 -10.3824 -333.998 6.44144 11.4227 1.79386 -4.05557 0.944337 -3.11341 -6.15901 2.28311 1.26866 -0.201171 -1.38809 2.43767 3.3517 1.20736 -6.03266 5.03321 7.43428 -0.75164 -2.48025 4.81158 3.53294 -0.968635 2.71926 -0.980607 1.18684 1.2084 0.532727 -1.60291 -0.448886 -0.939894 0.130312 0.434089 3.32105 -0.607384 2.34584 0.0515599 0.30245 0.270488 1.36933 3.55355 -0.0803992 3.08569 
0.769306 6.17093 -0.344976 4.77517 -12.5431 21.3005 -6.0447 6.44144 373.69 8.1989 9.049 3.43217 -0.0527305 -1.73978 -1.22836 -4.65409 9.85793 4.15258 -10.4421 8.67702 -0.75351 -5.93208 -10.1826 -0.0666557 -2.43564 -1.89805 -1.56771 6.23138 12.3282 2.02779 5.93039 -1.29455 1.95267 0.575393 -3.54132 0.88479 2.73751 0.310347 5.04957 -0.827696 -4.11904 2.2614 -0.243636 1.95248 2.72079 -2.51022 0.581691 -0.917967 -4.07798 3.65693 
0.746456 -20.9213 3.22062 16.6219 1.5365 7.33533 -0.252727 11.4227 8.1989 313.029 6.70122 2.39925 -0.920756 -0.665954 -6.20071 3.58005 -4.67866 2.37297 1.47388 -8.42733 -4.14345 4.42141 -4.68969 -5.48991 5.1904 -7.31029 -1.8932 -2.35397 -4.84324 -2.45384 5.33235 2.30694 -2.5903 1.27431 1.6539 -7.82727 2.40355 -1.0347 0.846845 2.82843 -5.3238 -5.9879 -1.92105 -5.32468 2.1607 0.878472 4.48416 -0.218589 0.449399 -2.36048 
-2.4288 17.6269 -7.05539 -34.8869 8.92323 -2.47636 6.96613 1.79386 9.049 6.70122 -281.854 -16.3792 -9.70605 2.17968 4.18524 -13.5206 7.08312 -0.0593127 12.1643 9.24251 5.36936 2.52692 2.06005 5.3709 5.33052 -6.34466 -4.5598 -3.48662 3.87111 -2.31072 -2.3806 -0.74847 1.53263 -2.05827 6.12795 -2.68512 -3.20358 -1.85872 -3.95095 1.48293 5.77536 -4.56748 4.60062 3.29513 -6.34379 1.97645 1.63016 -1.22277 0.165367 -4.50842 
1.29559 4.10222 18.9963 -16.256 -22.9085 17.0191 -1.25719 -4.05557 3.43217 2.39925 -16.3792 295.032 8.50046 -1.12369 9.01818 -6.84329 -9.01711 -10.7484 1.41763 -5.66922 -1.53359 -2.09055 3.9508 -9.47556 9.7777 4.74283 2.30928 -11.1843 -2.6222 -6.90945 1.05462 -3.35222 0.922189 6.29555 2.9138 0.0700569 -7.06109 4.98508 3.72981 -4.45881 1.84101 -3.90523 4.23025 1.62533 -0.322155 2.35552 -0.0208773 -1.58623 4.88364 -4.27514 
0.227625 5.0544 -5.26544 3.27929 0.793637 4.15775 12.2869 0.944337 -0.0527305 -0.920756 -9.70605 8.50046 232.76 0.701839 -15.3794 21.1092 -22.3571 -3.7223 -2.39426 -14.8747 -0.360888 1.24497 8.21075 4.5406 1.55986 12.6305 8.07521 1.90826 -4.94378 -12.1255 -11.5057 -9.71598 4.24082 6.12792 2.69564 1.19926 -1.59531 6.23133 -14.7565 -8.87103 2.60348 1.19506 6.81812 6.00151 -5.12004 0.0879124 -0.139591 3.95712 4.61472 1.94359 
-0.910969 19.8053 -5.83567 2.15567 17.0425 -26.1417 11.734 -3.11341 -1.73978 -0.665954 2.17968 -1.12369 0.701839 247.44 18.0279 -8.48001 2.70205 9.84693 10.0345 -5.36082 -7.96216 -5.35247 16.2301 0.743828 1.58161 -0.274263 7.29572 2.29301 1.94772 1.91206 5.14724 8.99892 4.29211 2.86932 6.80486 -3.39817 1.77483 0.800418 5.0382 1.15234 -1.9665 -2.00518 -2.85463 1.82246 -1.02626 -3.58059 1.99784 -6.48823 -2.25499 1.09403 
-0.634735 -8.56034 -7.75164 6.13275 -1.50924 -11.9776 -0.264026 -6.15901 -1.22836 -6.20071 4.18524 9.01818 -15.3794 18.0279 -222.418 20.87 -12.8976 -2.05708 4.59239 -8.31995 -3.48864 7.81965 -19.9709 6.04202 -3.84121 -4.59549 -8.06504 4.95055 -19.0029 -8.71433 -11.2017 9.40724 -3.23671 -2.51882 -3.67305 2.20654 0.933635 0.936737 -10.7917 -5.57903 -2.40824 2.85065 -3.73224 0.992823 -1.31115 1.10427 0.540744 2.67171 -0.062395 1.06333 
2.33853 11.9918 -2.59284 -6.18068 0.326376 -0.828631 25.6003 2.28311 -4.65409 3.58005 -13.5206 -6.84329 21.1092 -8.48001 20.87 240.856 -8.51699 8.84595 1.98016 -5.0737 3.79709 3.61637 4.5518 9.3533 -2.23739 -3.4344 -1.53795 0.826225 10.803 2.33497 -21.3543 -2.48847 2.99769 -1.47951 -7.78987 10.6149 6.32676 -3.32837 -6.54697 3.44092 5.97162 4.40399 0.206107 -0.0485244 0.588012 -3.94368 -3.20109 6.66697 -0.419234 4.72529 
0.295326 -0.180822 3.86859 -4.92059 1.12766 -8.70664 1.88353 1.26866 9.85793 -4.67866 7.08312 -9.01711 -22.3571 2.70205 -12.8976 -8.51699 -232.544 1.88986 -31.0411 2.3948 -3.27006 2.68769 25.4868 -4.64473 -4.39376 21.0989 0.25892 -13.5998 -13.5318 -8.05957 2.3092 12.4693 10.5063 13.6278 2.5765 4.5982 -2.23049 -3.45927 -17.0646 5.79974 -5.36819 6.07357 -3.13962 -6.75307 -2.31562 2.61126 1.51875 2.50529 -0.0879418 -9.9439 
0.283757 -12.5408 -6.97455 0.226065 2.85736 -0.271455 3.48159 -0.201171 4.15258 2.37297 -0.0593127 -10.7484 -3.7223 9.84693 -2.05708 8.84595 1.88986 203.79 14.0147 17.3045 -1.58639 -1.44307 28.0085 0.783557 -13.4607 31.4248 15.5372 12.8306 5.99153 15.3492 -5.42275 -5.13199 4.95188 1.83285 2.16097 8.97197 10.1997 -5.01247 -6.43172 5.86293 1.12322 15.6136 -6.52556 0.168581 -0.124567 -7.73084 -5.29914 -2.31354 -1.77666 4.57049 
-1.12772 -7.09224 4.86753 -23.6785 7.38966 -9.46188 14.9873 -1.38809 -10.4421 1.47388 12.1643 1.41763 -2.39426 10.0345 4.59239 1.98016 -31.0411 14.0147 -229.419 2.64581 -1.8815 -2.69254 -1.69731 2.23182 9.34318 1.42769 -10.5747 4.01563 9.28473 -6.21344 -1.76012 -2.04702 -0.292594 3.87722 -0.57769 2.39649 -3.5941 0.183217 -0.979801 4.34716 -6.15332 -0.377379 0.528656 0.0987418 1.36113 0.370001 2.75391 4.50132 1.62142 0.370822 
1.95258 -24.2626 -7.25209 11.0573 -12.3323 12.866 -3.87753 2.43767 8.67702 -8.42733 9.24251 -5.66922 -14.8747 -5.36082 -8.31995 -5.0737 2.3948 17.3045 2.64581 258.752 5.33355 -3.39912 1.1689 5.83318 -4.2088 8.99045 2.36799 -1.5337 4.14296 1.97019 -5.76533 -5.53228 6.38613 0.337887 -8.54055 12.4287 2.15378 -1.76953 -0.793742 -2.38212 5.35626 8.20317 1.96992 5.61421 1.10787 -5.6286 -0.721677 1.60368 -1.79637 2.96543 
0.844199 -4.56921 -2.95045 1.25339 -9.48808 6.59631 -3.09302 3.3517 -0.75351 -4.14345 5.36936 -1.53359 -0.360888 -7.96216 -3.48864 3.79709 -3.27006 -1.58639 -1.8815 5.33355 98.1563 2.80526 32.1924 15.374 -1.50738 1.0077 9.97656 6.62102 1.55168 -12.9292 -11.9335 -5.72237 7.81205 7.63393 17.8366 -3.47354 -8.27736 3.22977 -7.65065 -11.2487 7.24623 -0.00252652 9.25163 16.2848 -11.2505 5.68915 -7.67798 2.27626 0.763673 0.0038296 
0.259407 -0.466945 1.74838 -10.3989 -5.86336 4.30608 -1.98254 1.20736 -5.93208 4.42141 2.52692 -2.09055 1.24497 -5.35247 7.81965 3.61637 2.68769 -1.44307 -2.69254 -3.39912 2.80526 -142.161 18.1283 -7.7935 1.39439 19.3967 4.04734 4.53229 -14.9979 -5.45174 -11.9221 3.52554 13.3665 -2.86767 -8.54253 4.09548 3.62978 -0.259316 -12.4166 -0.137289 3.85243 14.7346 3.08699 -4.15542 -1.63646 1.12719 1.63535 0.293016 -4.01052 -2.97505 
3.0266 -1.67211 -2.59584 -8.65423 0.316469 -2.94166 13.2268 -6.03266 -10.1826 -4.68969 2.06005 3.9508 8.21075 16.2301 -19.9709 4.5518 25.4868 28.0085 -1.69731 1.1689 32.1924 18.1283 -241.627 -1.2969 1.44733 -8.65171 0.517529 -4.38398 7.99769 1.74354 1.97302 -4.05688 -1.4068 -3.23763 1.51477 0.24788 2.014 -0.384333 -2.93471 -1.278 -0.726405 -1.84275 -0.858603 -0.674784 1.64091 0.0979918 0.720855 -0.410081 1.69008 0.445121 
2.47483 3.32469 3.66745 -2.53528 -3.19574 -7.23559 6.50414 5.03321 -0.0666557 -5.48991 5.3709 -9.47556 4.5406 0.743828 6.04202 9.3533 -4.64473 0.783557 2.23182 5.83318 15.374 -7.7935 -1.2969 -155.486 -8.0414 -10.9314 -3.96211 -1.67474 3.33673 5.35873 4.32311 6.31022 -6.75823 2.69349 1.57267 -8.88939 3.96086 -1.14726 13.8258 5.42563 -7.11025 -10.0782 1.57438 -4.51227 5.28415 -1.20531 0.236826 -5.91298 0.113202 -1.55687 
0.347878 -10.2668 1.28352 0.830289 -12.3276 -2.94483 5.03976 7.43428 -2.43564 5.1904 5.33052 9.7777 1.55986 1.58161 -3.84121 -2.23739 -4.39376 -13.4607 9.34318 -4.2088 -1.50738 1.39439 1.44733 -8.0414 -158.962 5.51417 3.56825 -2.00234 -4.43186 5.69974 1.20377 1.33971 2.83526 0.785415 -4.08296 3.58472 2.5866 1.88449 0.675624 -0.711015 0.914671 1.19739 -1.70489 2.00008 -0.106741 -4.41154 -1.00448 -4.68959 -1.85403 0.390419 
0.382078 2.42544 -9.88838 0.882624 9.52362 2.88917 0.595625 -0.75164 -1.89805 -7.31029 -6.34466 4.74283 12.6305 -0.274263 -4.59549 -3.4344 21.0989 31.4248 1.42769 8.99045 1.0077 19.3967 -8.65171 -10.9314 5.51417 195.974 -0.279242 10.405 2.00485 -1.23623 0.015539 0.8132 3.20658 3.16806 -4.11774 5.24936 1.91399 -1.37658 -5.16644 2.88954 -3.90847 7.20253 -1.00467 -1.05589 2.46269 -1.80066 -0.184564 3.89482 -4.67116 3.00245 
-0.304586 -2.52692 -0.168158 -11.3358 -1.94782 2.2729 4.75668 -2.48025 -1.56771 -1.8932 -4.5598 2.30928 8.07521 7.29572 -8.06504 -1.53795 0.25892 15.5372 -10.5747 2.36799 9.97656 4.04734 0.517529 -3.96211 3.56825 -0.279242 137.944 -2.25886 -13.3183 11.9002 2.14255 4.51894 5.74414 -4.10695 -5.66078 5.59018 7.30705 0.931303 0.435997 -5.53558 -0.658223 2.34309 -1.74599 1.45367 -1.41488 -5.68241 -0.529671 -11.6929 -5.40953 1.07335 
0.323369 1.11721 1.13376 -2.48156 10.1274 -11.0268 7.63149 4.81158 6.23138 -2.35397 -3.48662 -11.1843 1.90826 2.29301 4.95055 0.826225 -13.5998 12.8306 4.01563 -1.5337 6.62102 4.53229 -4.38398 -1.67474 -2.00234 10.405 -2.25886 -147.267 -5.87241 0.852341 -5.60653 1.33815 0.507314 -15.4037 3.8738 -1.58387 -1.36227 -2.34508 -12.4875 1.5338 8.6819 -4.26295 1.9894 -4.29693 -2.61704 6.53057 2.60698 -3.25491 0.114478 -5.95874 
0.0212719 -1.83465 -7.75237 2.97851 0.24935 -6.44311 2.98819 3.53294 12.3282 -4.84324 3.87111 -2.6222 -4.94378 1.94772 -19.0029 10.803 -13.5318 5.99153 9.28473 4.14296 1.55168 -14.9979 7.99769 3.33673 -4.43186 2.00485 -13.3183 -5.87241 180.733 -2.11642 -7.29083 -5.5742 2.72129 -6.401 -9.70229 6.27269 3.24465 4.62997 -0.721605 2.17592 -0.61219 6.61294 -1.5267 -0.904724 2.48354 -3.25454 0.701801 3.13092 -2.18775 1.98451 
-0.729265 -10.0402 -7.00766 -1.73913 -4.55153 -0.408327 2.11981 -0.968635 2.02779 -2.45384 -2.31072 -6.90945 -12.1255 1.91206 -8.71433 2.33497 -8.05957 15.3492 -6.21344 1.97019 -12.9292 -5.45174 1.74354 5.35873 5.69974 -1.23623 11.9002 0.852341 -2.11642 107.97 13.9477 -0.839148 -12.575 5.13102 11.6424 -16.2692 -8.46721 -0.713355 6.2637 4.18496 1.29439 -13.3133 1.26072 -7.10799 -2.35742 6.97016 -0.833688 3.8987 8.20315 -0.593511 
-2.61941 -7.51805 -1.11029 -8.51987 -4.66286 -5.00567 -14.0109 2.71926 5.93039 5.33235 -2.3806 1.05462 -11.5057 5.14724 -11.2017 -21.3543 2.3092 -5.42275 -1.76012 -5.76533 -11.9335 -11.9221 1.97302 4.32311 1.20377 0.015539 2.14255 -5.60653 -7.29083 13.9477 -130.384 -0.172326 1.10377 1.58436 -9.93368 3.83535 -1.68198 0.955422 -2.69779 -1.23273 -2.92312 6.15012 -2.4421 -0.642607 -1.85631 -0.990782 0.391247 2.62552 -1.48358 1.2786 
-1.0224 -7.00864 -7.73549 8.66898 0.294984 2.81062 -2.91644 -0.980607 -1.29455 2.30694 -0.74847 -3.35222 -9.71598 8.99892 9.40724 -2.48847 12.4693 -5.13199 -2.04702 -5.53228 -5.72237 3.52554 -4.05688 6.31022 1.33971 0.8132 4.51894 1.33815 -5.5742 -0.839148 -0.172326 -174.076 0.50907 -1.4534 -1.3895 1.96652 -1.75041 3.97586 -2.11909 -4.77597 0.182008 0.785278 0.291218 3.39755 -2.46632 0.0924468 -1.56021 -0.934394 -0.124694 1.11253 
1.19632 -3.58902 -7.25481 8.38614 -4.02681 8.92919 3.63777 1.18684 1.95267 -2.5903 1.53263 0.922189 4.24082 4.29211 -3.23671 2.99769 10.5063 4.95188 -0.292594 6.38613 7.81205 13.3665 -1.4068 -6.75823 2.83526 3.20658 5.74414 0.507314 2.72129 -12.575 1.10377 0.50907 -72.7725 11.49 1.08765 2.56248 -9.7665 -9.45739 6.52391 4.04372 -2.20871 5.2649 -7.72419 -1.49988 -2.93475 14.309 -0.938705 10.6657 4.07021 3.32842 
0.317361 -0.176964 3.09123 4.2302 -4.32811 5.5874 -13.6339 1.2084 0.575393 1.27431 -2.05827 6.29555 6.12792 2.86932 -2.51882 -1.47951 13.6278 1.83285 3.87722 0.337887 7.63393 -2.86767 -3.23763 2.69349 0.785415 3.16806 -4.10695 -15.4037 -6.401 5.13102 1.58436 -1.4534 11.49 -97.743 -0.705492 -0.561569 -1.82294 0.65143 -4.19371 5.52841 -0.524825 0.557691 2.99807 -4.73648 1.69188 0.479981 2.12273 -1.75728 -0.0817172 -2.93912 
0.559978 -1.83246 0.181477 -5.6682 -6.53905 0.633136 2.90521 0.532727 -3.54132 1.6539 6.12795 2.9138 2.69564 6.80486 -3.67305 -7.78987 2.5765 2.16097 -0.57769 -8.54055 17.8366 -8.54253 1.51477 1.57267 -4.08296 -4.11774 -5.66078 3.8738 -9.70229 11.6424 -9.93368 -1.3895 1.08765 -0.705492 156.472 -13.6851 -6.05272 0.592209 -1.91441 1.55988 1.3971 -10.9618 3.2365 -3.09011 -2.26759 6.72769 5.2455 -3.78067 5.0644 -3.19164 
0.0119687 -0.853343 -5.8242 3.74139 0.782248 5.86509 -4.21135 -1.60291 0.88479 -7.82727 -2.68512 0.0700569 1.19926 -3.39817 2.20654 10.6149 4.5982 8.97197 2.39649 12.4287 -3.47354 4.09548 0.24788 -8.88939 3.58472 5.24936 5.59018 -1.58387 6.27269 -16.2692 3.83535 1.96652 2.56248 -0.561569 -13.6851 -65.3441 -1.71701 -6.90352 -12.2872 3.94569 1.99189 -5.41714 4.96134 -8.56161 0.446092 3.17584 0.937363 -2.11524 0.727134 -6.3789 
-0.503634 -1.64379 -5.96416 5.38923 8.0148 2.54675 2.57226 -0.448886 2.73751 2.40355 -3.20358 -7.06109 -1.59531 1.77483 0.933635 6.32676 -2.23049 10.1997 -3.5941 2.15378 -8.27736 3.62978 2.014 3.96086 2.5866 1.91399 7.30705 -1.36227 3.24465 -8.46721 -1.68198 -1.75041 -9.7665 -1.82294 -6.05272 -1.71701 -56.2762 -0.53155 2.91771 -4.53426 -4.96513 1.52236 3.89183 -0.650341 -2.40779 1.87779 -3.21896 -2.9869 0.446699 -1.94608 
-0.1714 4.09201 4.85309 -6.79858 1.428 -6.69625 7.75802 -0.939894 0.310347 -1.0347 -1.85872 4.98508 6.23133 0.800418 0.936737 -3.32837 -3.45927 -5.01247 0.183217 -1.76953 3.22977 -0.259316 -0.384333 -1.14726 1.88449 -1.37658 0.931303 -2.34508 4.62997 -0.713355 0.955422 3.97586 -9.45739 0.65143 0.592209 -6.90352 -0.53155 -21.6735 -0.070016 11.2961 -1.68069 -2.20407 1.24176 -6.72137 2.4747 0.816011 0.759476 -0.714258 -0.851934 -4.37297 
-1.53037 -1.12788 3.78826 -0.0317043 -9.52506 -2.8893 -4.85554 0.130312 5.04957 0.846845 -3.95095 3.72981 -14.7565 5.0382 -10.7917 -6.54697 -17.0646 -6.43172 -0.979801 -0.793742 -7.65065 -12.4166 -2.93471 13.8258 0.675624 -5.16644 0.435997 -12.4875 -0.721605 6.2637 -2.69779 -2.11909 6.52391 -4.19371 -1.91441 -12.2872 2.91771 -0.070016 134.133 4.91323 -0.920884 -4.9947 -0.764029 -2.95241 1.16018 -0.282705 1.74415 0.638036 0.115313 -1.01296 
0.374819 -1.72252 -5.30606 5.45111 3.22565 -2.86183 -2.44484 0.434089 -0.827696 2.82843 1.48293 -4.45881 -8.87103 1.15234 -5.57903 3.44092 5.79974 5.86293 4.34716 -2.38212 -11.2487 -0.137289 -1.278 5.42563 -0.711015 2.88954 -5.53558 1.5338 2.17592 4.18496 -1.23273 -4.77597 4.04372 5.52841 1.55988 3.94569 -4.53426 11.2961 4.91323 -17.2197 0.298411 5.20144 -2.38973 4.62497 -5.95821 -0.922119 -3.80317 -2.51045 -3.2898 -3.11353 
-0.00653651 -8.61955 -12.917 -2.16463 -2.91489 -6.11169 11.3414 3.32105 -4.11904 -5.3238 5.77536 1.84101 2.60348 -1.9665 -2.40824 5.97162 -5.36819 1.12322 -6.15332 5.35626 7.24623 3.85243 -0.726405 -7.11025 0.914671 -3.90847 -0.658223 8.6819 -0.61219 1.29439 -2.92312 0.182008 -2.20871 -0.524825 1.3971 1.99189 -4.96513 -1.68069 -0.920884 0.298411 132.341 -1.99495 2.09844 -0.39444 0.619302 0.738499 0.606165 -2.19026 -0.0966484 -1.42952 
0.373583 -1.78412 -6.62602 1.71868 7.71174 4.04622 3.71436 -0.607384 2.2614 -5.9879 -4.56748 -3.90523 1.19506 -2.00518 2.85065 4.40399 6.07357 15.6136 -0.377379 8.20317 -0.00252652 14.7346 -1.84275 -10.0782 1.19739 7.20253 2.34309 -4.26295 6.61294 -13.3133 6.15012 0.785278 5.2649 0.557691 -10.9618 -5.41714 1.52236 -2.20407 -4.9947 5.20144 -1.99495 -86.751 1.3115 0.813723 -0.721129 1.27855 -0.96002 -2.89407 -0.686023 -2.07804 
0.088752 1.71534 -4.78267 -2.3746 -6.88596 1.65154 5.4011 2.34584 -0.243636 -1.92105 4.60062 4.23025 6.81812 -2.85463 -3.73224 0.206107 -3.13962 -6.52556 0.528656 1.96992 9.25163 3.08699 -0.858603 1.57438 -1.70489 -1.00467 -1.74599 1.9894 -1.5267 1.26072 -2.4421 0.291218 -7.72419 2.99807 3.2365 4.96134 3.89183 1.24176 -0.764029 -2.38973 2.09844 1.3115 45.8651 -0.0909903 -2.06232 -0.470844 -6.87759 2.30132 0.334359 -1.10993 
0.491775 11.4037 8.26119 -3.20363 4.3747 -3.9548 -0.745188 0.0515599 1.95248 -5.32468 3.29513 1.62533 6.00151 1.82246 0.992823 -0.0485244 -6.75307 0.168581 0.0987418 5.61421 16.2848 -4.15542 -0.674784 -4.51227 2.00008 -1.05589 1.45367 -4.29693 -0.904724 -7.10799 -0.642607 3.39755 -1.49988 -4.73648 -3.09011 -8.56161 -0.650341 -6.72137 -2.95241 4.62497 -0.39444 0.813723 -0.0909903 74.0824 -1.44357 0.00341197 -6.12297 -1.79339 -0.438755 -0.914617 
-0.805696 1.53309 -2.83333 4.64418 -5.16662 6.6397 -2.18189 0.30245 2.72079 2.1607 -6.34379 -0.322155 -5.12004 -1.02626 -1.31115 0.588012 -2.31562 -0.124567 1.36113 1.10787 -11.2505 -1.63646 1.64091 5.28415 -0.106741 2.46269 -1.41488 -2.61704 2.48354 -2.35742 -1.85631 -2.46632 -2.93475 1.69188 -2.26759 0.446092 -2.40779 2.4747 1.16018 -5.95821 0.619302 -0.721129 -2.06232 -1.44357 69.7139 0.892723 1.26788 2.72042 1.39122 -0.0925247 
0.315425 3.81149 2.4974 -0.141715 -1.34362 -1.4338 -1.22012 0.270488 -2.51022 0.878472 1.97645 2.35552 0.0879124 -3.58059 1.10427 -3.94368 2.61126 -7.73084 0.370001 -5.6286 5.68915 1.12719 0.0979918 -1.20531 -4.41154 -1.80066 -5.68241 6.53057 -3.25454 6.97016 -0.990782 0.0924468 14.309 0.479981 6.72769 3.17584 1.87779 0.816011 -0.282705 -0.922119 0.738499 1.27855 -0.470844 0.00341197 0.892723 -9.22622 1.1751 1.23991 -0.213794 0.0951643 
0.457011 -6.82561 -1.38132 2.86414 -0.38752 1.8501 1.56655 1.36933 0.581691 4.48416 1.63016 -0.0208773 -0.139591 1.99784 0.540744 -3.20109 1.51875 -5.29914 2.75391 -0.721677 -7.67798 1.63535 0.720855 0.236826 -1.00448 -0.184564 -0.529671 2.60698 0.701801 -0.833688 0.391247 -1.56021 -0.938705 2.12273 5.2455 0.937363 -3.21896 0.759476 1.74415 -3.80317 0.606165 -0.96002 -6.87759 -6.12297 1.26788 1.1751 -27.4672 -0.906413 -0.00967184 -0.0271186 
0.350592 -0.940529 -5.92993 -3.90818 3.66786 -4.88334 6.33821 3.55355 -0.917967 -0.218589 -1.22277 -1.58623 3.95712 -6.48823 2.67171 6.66697 2.50529 -2.31354 4.50132 1.60368 2.27626 0.293016 -0.410081 -5.91298 -4.68959 3.89482 -11.6929 -3.25491 3.13092 3.8987 2.62552 -0.934394 10.6657 -1.75728 -3.78067 -2.11524 -2.9869 -0.714258 0.638036 -2.51045 -2.19026 -2.89407 2.30132 -1.79339 2.72042 1.23991 -0.906413 98.7593 0.103258 -0.0107494 
0.629454 -0.055514 2.71943 -1.88668 -4.51827 3.21553 1.06006 -0.0803992 -4.07798 0.449399 0.165367 4.88364 4.61472 -2.25499 -0.062395 -0.419234 -0.0879418 -1.77666 1.62142 -1.79637 0.763673 -4.01052 1.69008 0.113202 -1.85403 -4.67116 -5.40953 0.114478 -2.18775 8.20315 -1.48358 -0.124694 4.07021 -0.0817172 5.0644 0.727134 0.446699 -0.851934 0.115313 -3.2898 -0.0966484 -0.686023 0.334359 -0.438755 1.39122 -0.213794 -0.00967184 0.103258 20.5633 0 
0.0813229 -2.38193 -1.77499 -1.26367 1.29953 -6.8768 7.61561 3.08569 3.65693 -2.36048 -4.50842 -4.27514 1.94359 1.09403 1.06333 4.72529 -9.9439 4.57049 0.370822 2.96543 0.0038296 -2.97505 0.445121 -1.55687 0.390419 3.00245 1.07335 -5.95874 1.98451 -0.593511 1.2786 1.11253 3.32842 -2.93912 -3.19164 -6.3789 -1.94608 -4.37297 -1.01296 -3.11353 -1.42952 -2.07804 -1.10993 -0.914617 -0.0925247 0.0951643 -0.0271186 -0.0107494 0 53.2259 
