2552.24 -0.00200247 0.0130605 0.0190874 -0.0536738 0.0379349 0.0419926 0.00751035 -0.0160854 -0.0272379 0.00131276 -0.0167129 0.0592633 -0.0148829 0.00712002 0.0351146 0.0548303 0.0512771 0.0132416 0.0176565 0.0865159 0.0399676 -0.00448069 -0.0260686 -0.00517506 0.0048786 -0.0123391 0.0130745 0.007607 -0.0168694 0.00152696 0.00162922 0.00608849 0.00229713 0.00335459 0.00689479 -0.00218148 -0.000866843 -0.000612613 0.00140719 -0.000673326 -0.000182503 -0.000265084 -0.0010175 0.00104579 0.000310511 -0.000123153 3.00093e-05 -1.06164e-05 3.23001e-05 
-0.00200247 -273.314 6.24408 -12.8603 8.87033 -9.69567 8.07577 -5.63637 -1.81537 0.755103 6.41555 -0.0823988 -0.35053 7.97605 -3.17983 1.76412 -4.41543 12.6928 0.00373433 0.310257 6.57513 5.27781 -0.645874 -0.00993475 0.213228 0.592749 0.613577 0.703089 0.604295 -0.829107 0.194238 0.138267 -0.651956 -0.153814 -0.387942 -0.516973 -0.0658411 -0.244343 -0.173455 0.165625 -0.122161 -0.0684 -0.0307251 -0.0400566 -0.00736519 0.0115483 -0.00202518 -0.000491863 -0.000450633 0 
0.0130605 6.24408 -321.414 6.28795 -0.46704 6.80009 -3.10839 1.14535 -1.69682 -1.60796 0.856211 2.44931 -1.4727 3.75529 -2.91852 0.091569 4.39338 3.09893 -0.37047 0.153311 2.46986 2.31637 0.224083 -0.0339895 0.169594 -0.45003 0.0936839 0 -3.97387 -9.22471 -4.49214 -8.28657 -5.75035 0.100217 -1.54954 -4.45463 -2.82442 5.31317 -0.964295 -4.8525 -8.14056 -2.65463 -2.25337 10.2903 -2.11703 2.36248 -2.37782 0.196319 1.09255 2.46911 
0.0190874 -12.8603 6.28795 279.841 -12.3902 14.9561 7.31372 5.78871 4.66898 17.4732 -36.205 -16.2378 3.03305 1.22229 5.9406 -6.60925 -4.55572 0.734668 -20.7648 11.9718 1.23226 -10.5546 -6.69254 -2.61743 0.989025 0.690195 -10.9951 -1.51781 2.86387 -1.14838 -8.38107 9.05923 8.39816 3.84744 -5.66611 3.56203 5.68264 -6.72945 0.0529974 5.37864 -1.74741 2.11659 -2.67875 -3.7555 4.4127 -0.468362 3.25168 -3.86735 -1.93223 -0.954491 
-0.0536738 8.87033 -0.46704 -12.3902 -313.719 15.743 -1.60375 2.27877 -7.82506 -7.85545 14.8381 -24.9963 4.63536 24.378 -2.01804 5.77152 -1.00955 -0.0908855 -1.1747 -17.0464 -8.56112 -5.81187 -1.20347 -2.65007 -14.6601 12.6044 -2.96389 8.01267 2.50382 -5.34751 -6.52255 0.438464 -1.88372 -4.49613 -6.34848 2.66644 8.23116 0.73372 -9.85722 4.18006 -1.19611 8.01962 -3.2613 5.11816 -2.49968 -0.435503 -2.50817 4.79768 -4.81789 0.63655 
0.0379349 -9.69567 6.80009 14.9561 15.743 -248.817 13.2402 6.45656 20.9488 7.5518 -0.674242 17.6066 3.95749 -25.9143 -13.0026 -0.74447 -8.06915 -0.617928 -6.68949 11.9738 6.05091 4.11869 -1.75768 -6.97153 -3.39636 2.55739 2.34796 -9.92971 -6.93852 -0.782832 -5.34058 2.47455 8.37544 5.34867 0.433461 5.43997 2.58921 -6.22599 -2.88854 -3.15308 -6.78648 4.11975 1.1269 -3.44393 6.28291 -1.4377 1.79945 -5.08288 3.20657 -6.78418 
0.0419926 8.07577 -3.10839 7.31372 -1.60375 13.2402 -261.414 -2.72663 -0.206735 -6.79958 9.9492 0.733897 13.6351 12.8976 -0.0741744 26.6122 -0.0256205 0.753936 6.75858 -4.87662 -0.764393 -0.932832 10.8105 6.43326 4.48187 1.46948 3.82559 3.64489 4.08854 1.87663 -13.2935 -2.55362 5.40563 -11.5932 3.60993 -2.45934 1.3873 6.15119 -3.37117 -1.99761 11.5543 2.51771 8.29355 -0.736363 0.696768 -0.273464 -0.0123658 5.87092 1.40435 6.032 
0.00751035 -5.63637 1.14535 5.78871 2.27877 6.45656 -2.72663 -358.167 0.863088 17.6681 -1.25749 -14.1727 1.08757 -9.3867 3.49757 -2.18537 -0.424795 10.1056 3.78013 17.2461 5.62111 0.143261 -0.31478 0.0565685 9.49392 3.29722 0.205201 3.27472 6.91067 7.87128 5.53802 6.42549 6.06777 -1.4412 1.18745 1.84593 3.87141 -4.58062 -1.79278 3.47415 13.2107 4.33708 2.88948 -9.72722 0.376904 -3.21 5.29669 6.18843 -1.35848 4.61535 
-0.0160854 -1.81537 -1.69682 4.66898 -7.82506 20.9488 -0.206735 0.863088 374.042 7.95328 8.62929 3.56972 -0.0710582 -1.71182 -1.41857 -4.71978 9.62418 3.89165 -11.4198 8.54881 -0.645336 -5.86709 -10.0663 -0.139845 -2.52923 -1.88098 -1.61189 6.14469 12.3242 1.95394 5.97937 -1.31304 1.95335 0.676732 -3.54491 0.902679 2.6851 0.274304 5.14929 -0.841258 -4.20891 2.21311 -0.176842 2.02644 2.82317 -2.46361 0.499836 -0.960553 -4.06984 3.59906 
-0.0272379 0.755103 -1.60796 17.4732 -7.85545 7.5518 -6.79958 17.6681 7.95328 313.258 6.23435 2.32637 -0.934053 -0.644926 -6.189 3.61001 -4.71282 2.48066 1.16646 -8.38668 -4.21343 4.40948 -4.75847 -5.5244 5.24659 -7.33053 -1.846 -2.31615 -4.86468 -2.45332 5.25173 2.26355 -2.64066 1.16578 1.64368 -7.8972 2.43496 -0.951284 0.768591 2.80562 -5.30592 -5.95559 -2.00052 -5.31224 2.04814 0.850038 4.53988 -0.184757 0.445819 -2.2867 
0.00131276 6.41555 0.856211 -36.205 14.8381 -0.674242 9.9492 -1.25749 8.62929 6.23435 -283.766 -16.8034 -9.16345 2.24273 4.41892 -11.7711 7.93985 2.12991 16.0984 9.337 3.3645 1.61224 2.66841 5.51313 5.69563 -6.41737 -3.38798 -1.04577 3.28736 -1.79643 -3.67426 -1.1358 0.712821 -4.03269 5.58315 -3.63476 -2.21495 -0.330547 -5.06796 1.0273 6.06722 -3.43076 2.96223 3.0205 -7.90182 1.22437 2.56783 -0.553716 0.0299762 -2.94602 
-0.0167129 -0.0823988 2.44931 -16.2378 -24.9963 17.6066 0.733897 -14.1727 3.56972 2.32637 -16.8034 295.13 8.5109 -1.05776 8.78268 -6.72857 -8.95419 -10.8635 1.44568 -5.87501 -1.58512 -2.071 3.57141 -9.275 9.84004 4.66017 2.25121 -11.0427 -2.65364 -7.02333 1.01696 -3.46044 0.853233 6.30685 2.90005 0.00123015 -7.10125 5.05293 3.73569 -4.50253 1.73759 -3.95307 4.20657 1.74472 -0.349715 2.38711 -0.0470317 -1.58938 4.89625 -4.24899 
0.0592633 -0.35053 -1.4727 3.03305 4.63536 3.95749 13.6351 1.08757 -0.0710582 -0.934053 -9.16345 8.5109 232.78 0.701724 -15.24 21.1234 -22.3419 -3.62713 -1.71155 -14.8335 -0.419936 1.1509 8.74681 4.45485 1.5328 12.6534 8.11922 1.9186 -4.96263 -12.1103 -11.5328 -9.72068 4.22009 6.07893 2.67465 1.17548 -1.56161 6.27211 -14.7719 -8.88571 2.60422 1.23166 6.77593 5.99169 -5.14726 0.0663464 -0.12175 3.97164 4.60942 1.98509 
-0.0148829 7.97605 3.75529 1.22229 24.378 -25.9143 12.8976 -9.3867 -1.71182 -0.644926 2.24273 -1.05776 0.701724 247.49 17.7478 -8.38679 2.74375 9.70519 9.22183 -5.54647 -7.93692 -5.22212 14.4774 1.16392 1.84331 -0.393652 7.09256 2.05225 2.0166 1.72498 5.25515 8.84558 4.3074 3.13646 6.85613 -3.3378 1.57604 0.703022 5.04359 1.19184 -2.10125 -2.26837 -2.74027 1.96102 -0.955862 -3.44919 1.92366 -6.51475 -2.20168 0.971357 
0.00712002 -3.17983 -2.91852 5.9406 -2.01804 -13.0026 -0.0741744 3.49757 -1.41857 -6.189 4.41892 8.78268 -15.24 17.7478 -220.748 20.0007 -13.1623 -0.668693 5.00301 -6.45364 -3.33517 7.53171 -18.2921 4.76318 -4.10475 -3.84884 -7.38372 4.4492 -18.6068 -7.33784 -10.8466 10.4271 -2.61717 -2.92238 -3.64077 2.76076 1.59009 0.520893 -10.8723 -5.17236 -1.28435 3.61207 -3.79611 -0.37495 -1.2269 0.570877 0.968168 2.79385 -0.24388 1.13336 
0.0351146 1.76412 0.091569 -6.60925 5.77152 -0.74447 26.6122 -2.18537 -4.71978 3.61001 -11.7711 -6.72857 21.1234 -8.38679 20.0007 241.091 -8.45645 8.77672 2.09997 -5.33419 3.66941 3.61198 4.25317 9.51408 -2.1949 -3.51694 -1.56786 0.977705 10.7062 2.18571 -21.4411 -2.62843 2.88025 -1.49356 -7.8316 10.5195 6.28451 -3.21453 -6.58161 3.36828 5.82146 4.35128 0.136203 0.10383 0.532878 -3.90449 -3.22026 6.68347 -0.399563 4.78426 
0.0548303 -4.41543 4.39338 -4.55572 -1.00955 -8.06915 -0.0256205 -0.424795 9.62418 -4.71282 7.93985 -8.95419 -22.3419 2.74375 -13.1623 -8.45645 -232.423 2.0852 -28.8568 2.12337 -3.80263 2.30079 26.8782 -4.49233 -4.47287 21.0207 0.487152 -12.6608 -13.7416 -8.01989 2.02334 12.3382 10.2359 13.1827 2.39263 4.31583 -1.99783 -3.0488 -17.1525 5.6134 -5.45127 6.36296 -3.51882 -6.7047 -2.56702 2.45796 1.64126 2.61114 -0.123249 -9.55956 
0.0512771 12.6928 3.09893 0.734668 -0.0908855 -0.617928 0.753936 10.1056 3.89165 2.48066 2.12991 -10.8635 -3.62713 9.70519 -0.668693 8.77672 2.0852 204.045 13.4912 17.553 -1.5664 -1.42502 26.3805 0.989577 -13.1406 31.4349 15.4336 12.3033 6.1978 15.4142 -5.17783 -5.13951 5.10651 2.11568 2.23042 9.18754 10.0693 -5.23659 -6.44756 6.01536 1.19197 15.3984 -6.38771 0.0422466 -0.00822538 -7.66636 -5.2961 -2.31138 -1.73736 4.42617 
0.0132416 0.00373433 -0.37047 -20.7648 -1.1747 -6.68949 6.75858 3.78013 -11.4198 1.16646 16.0984 1.44568 -1.71155 9.22183 5.00301 2.09997 -28.8568 13.4912 -224.977 2.55892 -3.78763 -3.81485 -0.00573619 1.54043 8.88453 1.35241 -8.52838 6.40257 8.48959 -4.79473 -2.48981 -2.2124 -1.15776 1.5875 -1.36746 1.45119 -2.16151 1.67838 -1.26387 3.64027 -5.51882 0.975446 -1.16962 -0.566808 0.270339 -0.601754 3.49027 4.87899 1.34291 2.16817 
0.0176565 0.310257 0.153311 11.9718 -17.0464 11.9738 -4.87662 17.2461 8.54881 -8.38668 9.337 -5.87501 -14.8335 -5.54647 -6.45364 -5.33419 2.12337 17.553 2.55892 259.111 5.41858 -3.43622 1.34466 5.63774 -4.21514 9.11382 2.43577 -1.74183 4.27222 2.19858 -5.64137 -5.34881 6.53739 0.347181 -8.50156 12.56 2.22554 -1.90165 -0.780548 -2.27469 5.55943 8.27647 2.02628 5.37013 1.16403 -5.69131 -0.667456 1.60824 -1.81961 2.90963 
0.0865159 6.57513 2.46986 1.23226 -8.56112 6.05091 -0.764393 5.62111 -0.645336 -4.21343 3.3645 -1.58512 -0.419936 -7.93692 -3.33517 3.66941 -3.80263 -1.5664 -3.78763 5.41858 98.2598 2.83608 31.2176 15.6342 -1.25723 0.993125 9.73703 6.17291 1.72753 -13.0247 -11.7452 -5.73175 7.94784 7.96586 17.9281 -3.29568 -8.46251 3.01035 -7.63839 -11.1156 7.21397 -0.229995 9.44276 16.2754 -11.1122 5.79722 -7.72616 2.25518 0.807104 -0.195145 
0.0399676 5.27781 2.31637 -10.5546 -5.81187 4.11869 -0.932832 0.143261 -5.86709 4.40948 1.61224 -2.071 1.1509 -5.22212 7.53171 3.61198 2.30079 -1.42502 -3.81485 -3.43622 2.83608 -142.079 17.3578 -7.47789 1.5988 19.3132 3.73694 4.30177 -14.8967 -5.71297 -11.834 3.41588 13.4026 -2.54256 -8.47136 4.19097 3.39076 -0.401443 -12.4009 -0.0651931 3.67102 14.4624 3.2665 -3.99051 -1.51413 1.28646 1.54207 0.267656 -3.9468 -3.1665 
-0.00448069 -0.645874 0.224083 -6.69254 -1.20347 -1.75768 10.8105 -0.31478 -10.0663 -4.75847 2.66841 3.57141 8.74681 14.4774 -18.2921 4.25317 26.8782 26.3805 -0.00573619 1.34466 31.2176 17.3578 -239.131 -2.76951 0.723725 -7.79255 2.62676 -3.67712 7.40356 3.88117 1.95276 -3.07577 -1.1301 -4.78925 1.14205 0.137505 3.38143 0.00587386 -3.03213 -1.38164 0.933355 -0.413381 -1.7011 -2.25617 1.02968 -0.853248 1.35206 -0.274371 1.25832 1.35849 
-0.0260686 -0.00993475 -0.0339895 -2.61743 -2.65007 -6.97153 6.43326 0.0565685 -0.139845 -5.5244 5.51313 -9.275 4.45485 1.16392 4.76318 9.51408 -4.49233 0.989577 1.54043 5.63774 15.6342 -7.47789 -2.76951 -155.043 -7.93767 -11.2505 -4.25292 -1.46591 3.24984 4.81556 4.14976 5.89283 -7.01718 2.80277 1.55849 -9.06224 3.72918 -0.982207 13.7781 5.24777 -7.56692 -10.3289 1.56049 -3.98101 5.25661 -1.01969 0.0949607 -5.92692 0.200218 -1.54882 
-0.00517506 0.213228 0.169594 0.989025 -14.6601 -3.39636 4.48187 9.49392 -2.52923 5.24659 5.69563 9.84004 1.5328 1.84331 -4.10475 -2.1949 -4.47287 -13.1406 8.88453 -4.21514 -1.25723 1.5988 0.723725 -7.93767 -158.86 5.4264 3.32105 -2.16952 -4.28803 5.50114 1.25152 1.25993 2.85209 0.975133 -4.01692 3.65067 2.43672 1.7858 0.67122 -0.666635 0.772672 1.03988 -1.57937 2.11886 -0.00614494 -4.30581 -1.06456 -4.70006 -1.8 0.253387 
0.0048786 0.592749 -0.45003 0.690195 12.6044 2.55739 1.46948 3.29722 -1.88098 -7.33053 -6.41737 4.66017 12.6534 -0.393652 -3.84884 -3.51694 21.0207 31.4349 1.35241 9.11382 0.993125 19.3132 -7.79255 -11.2505 5.4264 196.039 -0.218098 10.3302 2.03036 -1.12405 0.0647557 0.899822 3.2644 3.16125 -4.11161 5.29023 1.95615 -1.41993 -5.15123 2.93265 -3.81525 7.24045 -0.993551 -1.16783 2.47585 -1.83509 -0.157638 3.89349 -4.68714 2.99071 
-0.0123391 0.613577 0.0936839 -10.9951 -2.96389 2.34796 3.82559 0.205201 -1.61189 -1.846 -3.38798 2.25121 8.11922 7.09256 -7.38372 -1.56786 0.487152 15.4336 -8.52838 2.43577 9.73703 3.73694 2.62676 -4.25292 3.32105 -0.218098 138.112 -2.15623 -13.4047 12.0459 2.12333 4.5842 5.74475 -4.22274 -5.69898 5.55861 7.40343 0.979417 0.44217 -5.5511 -0.553113 2.4356 -1.81521 1.36067 -1.47033 -5.74805 -0.49061 -11.6874 -5.44219 1.14681 
0.0130745 0.703089 0 -1.51781 8.01267 -9.92971 3.64489 3.27472 6.14469 -2.31615 -1.04577 -11.0427 1.9186 2.05225 4.4492 0.977705 -12.6608 12.3033 6.40257 -1.74183 6.17291 4.30177 -3.67712 -1.46591 -2.16952 10.3302 -2.15623 -146.524 -6.3569 0.729398 -5.93838 1.03696 0.158685 -15.7453 3.66929 -1.94971 -1.24367 -1.87528 -12.5261 1.19464 8.51267 -4.12539 1.6342 -3.96469 -2.91831 6.46479 2.58908 -3.21705 0.0788495 -5.57065 
0.007607 0.604295 -3.97387 2.86387 2.50382 -6.93852 4.08854 6.91067 12.3242 -4.86468 3.28736 -2.65364 -4.96263 2.0166 -18.6068 10.7062 -13.7416 6.1978 8.48959 4.27222 1.72753 -14.8967 7.40356 3.24984 -4.28803 2.03036 -13.4047 -6.3569 180.792 -2.17075 -7.26506 -5.58575 2.7414 -6.33346 -9.66978 6.3108 3.18847 4.57364 -0.728765 2.20593 -0.647472 6.54525 -1.46522 -0.880557 2.53017 -3.20957 0.682192 3.12161 -2.1676 1.9148 
-0.0168694 -0.829107 -9.22471 -1.14838 -5.34751 -0.782832 1.87663 7.87128 1.95394 -2.45332 -1.79643 -7.02333 -12.1103 1.72498 -7.33784 2.18571 -8.01989 15.4142 -4.79473 2.19858 -13.0247 -5.71297 3.88117 4.81556 5.50114 -1.12405 12.0459 0.729398 -2.17075 108.029 13.9155 -0.825455 -12.597 5.05281 11.6046 -16.3095 -8.40468 -0.650849 6.27062 4.15187 1.33328 -13.2343 1.19003 -7.13488 -2.41009 6.91788 -0.810742 3.9094 8.17937 -0.513547 
0.00152696 0.194238 -4.49214 -8.38107 -6.52255 -5.34058 -13.2935 5.53802 5.97937 5.25173 -3.67426 1.01696 -11.5328 5.25515 -10.8466 -21.4411 2.02334 -5.17783 -2.48981 -5.64137 -11.7452 -11.834 1.95276 4.14976 1.25152 0.0647557 2.12333 -5.93838 -7.26506 13.9155 -130.346 -0.189287 1.13157 1.68035 -9.8825 3.88242 -1.75994 0.879455 -2.708 -1.19148 -2.97113 6.06201 -2.35927 -0.611049 -1.79454 -0.929282 0.366093 2.61372 -1.45416 1.18497 
0.00162922 0.138267 -8.28657 9.05923 0.438464 2.47455 -2.55362 6.42549 -1.31304 2.26355 -1.1358 -3.46044 -9.72068 8.84558 10.4271 -2.62843 12.3382 -5.13951 -2.2124 -5.34881 -5.73175 3.41588 -3.07577 5.89283 1.25993 0.899822 4.5842 1.03696 -5.58575 -0.825455 -0.189287 -174.068 0.494726 -1.50637 -1.418 1.94097 -1.70698 4.01814 -2.11495 -4.79806 0.208024 0.83184 0.247777 3.38128 -2.49943 0.0611512 -1.547 -0.927762 -0.139473 1.16106 
0.00608849 -0.651956 -5.75035 8.39816 -1.88372 8.37544 5.40563 6.06777 1.95335 -2.64066 0.712821 0.853233 4.22009 4.3074 -2.61717 2.88025 10.2359 5.10651 -1.15776 6.53739 7.94784 13.4026 -1.1301 -7.01718 2.85209 3.2644 5.74475 0.158685 2.7414 -12.597 1.13157 0.494726 -72.7609 11.5278 1.10854 2.57853 -9.79166 -9.48007 6.52079 4.05524 -2.2247 5.24469 -7.69603 -1.48902 -2.91207 14.3278 -0.945978 10.6613 4.07897 3.2977 
0.00229713 -0.153814 0.100217 3.84744 -4.49613 5.34867 -11.5932 -1.4412 0.676732 1.16578 -4.03269 6.30685 6.07893 3.13646 -2.92238 -1.49356 13.1827 2.11568 1.5875 0.347181 7.96586 -2.54256 -4.78925 2.80277 0.975133 3.16125 -4.22274 -15.7453 -6.33346 5.05281 1.68035 -1.50637 11.5278 -97.5662 -0.608475 -0.474145 -1.9662 0.511255 -4.2092 5.6002 -0.613004 0.392002 3.14898 -4.67659 1.80439 0.585434 2.07605 -1.78169 -0.0309959 -3.1054 
0.00335459 -0.387942 -1.54954 -5.66611 -6.34848 0.433461 3.60993 1.18745 -3.54491 1.64368 5.58315 2.90005 2.67465 6.85613 -3.64077 -7.8316 2.39263 2.23042 -1.36746 -8.50156 17.9281 -8.47136 1.14205 1.55849 -4.01692 -4.11161 -5.69898 3.66929 -9.66978 11.6046 -9.8825 -1.418 1.10854 -0.608475 156.494 -13.6638 -6.08705 0.559384 -1.91709 1.57592 1.37673 -10.997 3.26629 -3.07759 -2.24478 6.74773 5.23633 -3.78524 5.07396 -3.22323 
0.00689479 -0.516973 -4.45463 3.56203 2.66644 5.43997 -2.45934 1.84593 0.902679 -7.8972 -3.63476 0.00123015 1.17548 -3.3378 2.76076 10.5195 4.31583 9.18754 1.45119 12.56 -3.29568 4.19097 0.137505 -9.06224 3.65067 5.29023 5.55861 -1.94971 6.3108 -16.3095 3.88242 1.94097 2.57853 -0.474145 -13.6638 -65.3049 -1.77758 -6.96226 -12.2916 3.97365 1.95467 -5.48098 5.02015 -8.53547 0.491141 3.21608 0.918312 -2.12395 0.746622 -6.4427 
-0.00218148 -0.0658411 -2.82442 5.68264 8.23116 2.58921 1.3873 3.87141 2.6851 2.43496 -2.21495 -7.10125 -1.56161 1.57604 1.59009 6.28451 -1.99783 10.0693 -2.16151 2.22554 -8.46251 3.39076 3.38143 3.72918 2.43672 1.95615 7.40343 -1.24367 3.18847 -8.40468 -1.75994 -1.70698 -9.79166 -1.9662 -6.08705 -1.77758 -56.1862 -0.442828 2.92181 -4.57634 -4.9067 1.62613 3.79642 -0.693398 -2.47983 1.81098 -3.18606 -2.97205 0.414509 -1.84004 
-0.000866843 -0.244343 5.31317 -6.72945 0.73372 -6.22599 6.15119 -4.58062 0.274304 -0.951284 -0.330547 5.05293 6.27211 0.703022 0.520893 -3.21453 -3.0488 -5.23659 1.67838 -1.90165 3.01035 -0.401443 0.00587386 -0.982207 1.7858 -1.41993 0.979417 -1.87528 4.57364 -0.650849 0.879455 4.01814 -9.48007 0.511255 0.559384 -6.96226 -0.442828 -21.5981 -0.0669158 11.2589 -1.6291 -2.11156 1.15699 -6.75774 2.41193 0.756482 0.788844 -0.700673 -0.880057 -4.27925 
-0.000612613 -0.173455 -0.964295 0.0529974 -9.85722 -2.88854 -3.37117 -1.79278 5.14929 0.768591 -5.06796 3.73569 -14.7719 5.04359 -10.8723 -6.58161 -17.1525 -6.44756 -1.26387 -0.780548 -7.63839 -12.4009 -3.03213 13.7781 0.67122 -5.15123 0.44217 -12.5261 -0.728765 6.27062 -2.708 -2.11495 6.52079 -4.2092 -1.91709 -12.2916 2.92181 -0.0669158 134.133 4.91228 -0.919197 -4.9888 -0.768902 -2.95397 1.15631 -0.28619 1.74618 0.638997 0.114162 -1.00784 
0.00140719 0.165625 -4.8525 5.37864 4.18006 -3.15308 -1.99761 3.47415 -0.841258 2.80562 1.0273 -4.50253 -8.88571 1.19184 -5.17236 3.36828 5.6134 6.01536 3.64027 -2.27469 -11.1156 -0.0651931 -1.38164 5.24777 -0.666635 2.93265 -5.5511 1.19464 2.20593 4.15187 -1.19148 -4.79806 4.05524 5.6002 1.57592 3.97365 -4.57634 11.2589 4.91228 -17.2004 0.272744 5.15448 -2.34589 4.64296 -5.92508 -0.890481 -3.81852 -2.51755 -3.27507 -3.16218 
-0.000673326 -0.122161 -8.14056 -1.74741 -1.19611 -6.78648 11.5543 13.2107 -4.20891 -5.30592 6.06722 1.73759 2.60422 -2.10125 -1.28435 5.82146 -5.45127 1.19197 -5.51882 5.55943 7.21397 3.67102 0.933355 -7.56692 0.772672 -3.81525 -0.553113 8.51267 -0.647472 1.33328 -2.97113 0.208024 -2.2247 -0.613004 1.37673 1.95467 -4.9067 -1.6291 -0.919197 0.272744 132.362 -1.95641 2.0626 -0.409085 0.592194 0.713094 0.61831 -2.18456 -0.108776 -1.38964 
-0.000182503 -0.0684 -2.65463 2.11659 8.01962 4.11975 2.51771 4.33708 2.21311 -5.95559 -3.43076 -3.95307 1.23166 -2.26837 3.61207 4.35128 6.36296 15.3984 0.975446 8.27647 -0.229995 14.4624 -0.413381 -10.3289 1.03988 7.24045 2.4356 -4.12539 6.54525 -13.2343 6.06201 0.83184 5.24469 0.392002 -10.997 -5.48098 1.62613 -2.11156 -4.9888 5.15448 -1.95641 -86.6062 1.17751 0.759061 -0.821238 1.18504 -0.915365 -2.87181 -0.730417 -1.93051 
-0.000265084 -0.0307251 -2.25337 -2.67875 -3.2613 1.1269 8.29355 2.88948 -0.176842 -2.00052 2.96223 4.20657 6.77593 -2.74027 -3.79611 0.136203 -3.51882 -6.38771 -1.16962 2.02628 9.44276 3.2665 -1.7011 1.56049 -1.57937 -0.993551 -1.81521 1.6342 -1.46522 1.19003 -2.35927 0.247777 -7.69603 3.14898 3.26629 5.02015 3.79642 1.15699 -0.768902 -2.34589 2.0626 1.17751 45.9379 -0.0613102 -2.00789 -0.419734 -6.90119 2.28842 0.357988 -1.18938 
-0.0010175 -0.0400566 10.2903 -3.7555 5.11816 -3.44393 -0.736363 -9.72722 2.02644 -5.31224 3.0205 1.74472 5.99169 1.96102 -0.37495 0.10383 -6.7047 0.0422466 -0.566808 5.37013 16.2754 -3.99051 -2.25617 -3.98101 2.11886 -1.16783 1.36067 -3.96469 -0.880557 -7.13488 -0.611049 3.38128 -1.48902 -4.67659 -3.07759 -8.53547 -0.693398 -6.75774 -2.95397 4.64296 -0.409085 0.759061 -0.0613102 74.0934 -1.42287 0.0226096 -6.13147 -1.79831 -0.430136 -0.94396 
0.00104579 -0.00736519 -2.11703 4.4127 -2.49968 6.28291 0.696768 0.376904 2.82317 2.04814 -7.90182 -0.349715 -5.14726 -0.955862 -1.2269 0.532878 -2.56702 -0.00822538 0.270339 1.16403 -11.1122 -1.51413 1.02968 5.25661 -0.00614494 2.47585 -1.47033 -2.91831 2.53017 -2.41009 -1.79454 -2.49943 -2.91207 1.80439 -2.24478 0.491141 -2.47983 2.41193 1.15631 -5.92508 0.592194 -0.821238 -2.00789 -1.42287 69.7518 0.928215 1.25248 2.7113 1.40789 -0.147953 
0.000310511 0.0115483 2.36248 -0.468362 -0.435503 -1.4377 -0.273464 -3.21 -2.46361 0.850038 1.22437 2.38711 0.0663464 -3.44919 0.570877 -3.90449 2.45796 -7.66636 -0.601754 -5.69131 5.79722 1.28646 -0.853248 -1.01969 -4.30581 -1.83509 -5.74805 6.46479 -3.20957 6.91788 -0.929282 0.0611512 14.3278 0.585434 6.74773 3.21608 1.81098 0.756482 -0.28619 -0.890481 0.713094 1.18504 -0.419734 0.0226096 0.928215 -9.18355 1.15604 1.22842 -0.194028 0.0279866 
-0.000123153 -0.00202518 -2.37782 3.25168 -2.50817 1.79945 -0.0123658 5.29669 0.499836 4.53988 2.56783 -0.0470317 -0.12175 1.92366 0.968168 -3.22026 1.64126 -5.2961 3.49027 -0.667456 -7.72616 1.54207 1.35206 0.0949607 -1.06456 -0.157638 -0.49061 2.58908 0.682192 -0.810742 0.366093 -1.547 -0.945978 2.07605 5.23633 0.918312 -3.18606 0.788844 1.74618 -3.81852 0.61831 -0.915365 -6.90119 -6.13147 1.25248 1.15604 -27.4582 -0.900924 -0.0192951 0.00504498 
3.00093e-05 -0.000491863 0.196319 -3.86735 4.79768 -5.08288 5.87092 6.18843 -0.960553 -0.184757 -0.553716 -1.58938 3.97164 -6.51475 2.79385 6.68347 2.61114 -2.31138 4.87899 1.60824 2.25518 0.267656 -0.274371 -5.92692 -4.70006 3.89349 -11.6874 -3.21705 3.12161 3.9094 2.61372 -0.927762 10.6613 -1.78169 -3.78524 -2.12395 -2.97205 -0.700673 0.638997 -2.51755 -2.18456 -2.87181 2.28842 -1.79831 2.7113 1.22842 -0.900924 98.7615 0.0993479 0.00215775 
-1.06164e-05 -0.000450633 1.09255 -1.93223 -4.81789 3.20657 1.40435 -1.35848 -4.06984 0.445819 0.0299762 4.89625 4.60942 -2.20168 -0.24388 -0.399563 -0.123249 -1.73736 1.34291 -1.81961 0.807104 -3.9468 1.25832 0.200218 -1.8 -4.68714 -5.44219 0.0788495 -2.1676 8.17937 -1.45416 -0.139473 4.07897 -0.0309959 5.07396 0.746622 0.414509 -0.880057 0.114162 -3.27507 -0.108776 -0.730417 0.357988 -0.430136 1.40789 -0.194028 -0.0192951 0.0993479 20.5714 -0.0279374 
3.23001e-05 0 2.46911 -0.954491 0.63655 -6.78418 6.032 4.61535 3.59906 -2.2867 -2.94602 -4.24899 1.98509 0.971357 1.13336 4.78426 -9.55956 4.42617 2.16817 2.90963 -0.195145 -3.1665 1.35849 -1.54882 0.253387 2.99071 1.14681 -5.57065 1.9148 -0.513547 1.18497 1.16106 3.2977 -3.1054 -3.22323 -6.4427 -1.84004 -4.27925 -1.00784 -3.16218 -1.38964 -1.93051 -1.18938 -0.94396 -0.147953 0.0279866 0.00504498 0.00215775 -0.0279374 53.3108 
