2552.24 -0.00200247 0.0131332 0.0263682 -0.05133 0.0389867 0.0288947 0.00664436 -0.0126086 -0.0151804 -0.0246599 -0.0271043 0.0539143 -0.0182611 -0.00980419 0.038039 0.0566208 0.0539574 0.0172375 0.0118765 0.0872756 0.0425276 -0.00426019 -0.0250989 -0.00134735 0.00116432 -0.011149 0.0108276 0.00698092 -0.0155564 0.00292821 0.000749919 0.00551664 0.00246703 0.00535827 0.00543312 -0.00364683 -0.000959605 0.000140631 0.00077637 -0.00121017 -0.00236191 -0.000206298 -0.00157945 0.000695192 0.000578403 0.000226243 -0.000436816 0.000641961 -0.000231837 
-0.00200247 -273.314 6.19844 -11.6759 8.09716 -2.33422 9.93715 -5.59759 -2.84627 -4.63668 9.49921 5.4976 2.0127 8.34483 -2.33581 0.37227 -4.82685 11.3615 -0.921351 4.21616 6.61029 4.66875 -0.733811 -0.212149 -0.348847 1.86361 0.141597 0.954098 0.72089 -1.52314 -0.37919 -0.165722 -0.548417 -0.0242604 -1.05542 -0.240821 0.0387949 -0.124404 -0.329228 0.0631364 -0.0665938 0.261593 0.00330418 0.365043 0.0889772 0.040196 -0.104029 0.000780784 -0.0495156 0.0630147 
0.0131332 6.19844 -323.199 5.69637 -2.52626 2.97401 -5.9863 2.61892 -0.890774 1.6058 -0.528923 -1.66019 -4.25497 4.23267 -4.72534 0.982598 5.57791 4.50308 -0.282998 -1.64631 0.955686 3.01141 0.349187 0.372683 0.619311 -0.68091 1.01542 0.0636342 -0.312316 -0.0641652 0.207419 -0.206545 -0.162908 0.142597 -0.0377907 0.2267 -0.178701 0.36027 0.162696 -0.0725185 -0.0617146 -0.1591 -0.1073 -0.157216 -0.0733199 0.0189337 0.0110054 0.0233112 0.01674 0.002129 
0.0263682 -11.6759 5.69637 276.36 -10.6864 2.42353 -3.26385 -6.09892 2.11996 -2.36515 -10.9591 -1.25672 -6.75869 -3.27578 -5.85931 -1.09814 4.03509 7.47657 2.32189 1.53828 0.169628 3.22074 -0.980325 -1.54942 1.34995 -0.146691 0.0619564 -0.868092 0.663438 -1.58843 0.778974 0.151527 0.0714117 0.132342 -0.17107 -0.103886 -0.272961 -0.258937 0.0101434 -0.0908619 0.0599934 -0.320054 0.0332393 -0.12813 -0.0080481 0.0157061 0.120929 -0.158806 0.141737 -0.0971966 
-0.05133 8.09716 -2.52626 -10.6864 -331.229 -1.99372 -3.96959 2.57504 -2.80342 3.34239 -0.121781 2.24626 -2.09147 0.796143 -0.647442 -1.52546 -2.05871 -2.35593 0.167179 -1.07092 0.302742 -1.6571 0.380845 0.57095 0.0709134 -1.23028 0.0101626 -0.0547317 -0.94869 1.50802 -0.444357 -0.0997942 0.180908 0.0749203 0.937577 0.324735 0.0920008 0.0538623 0.161236 -0.279594 0.146994 0.0367899 -0.0902768 -0.0399666 -0.00524569 -0.00883539 0.0150371 0.000102281 0.000563086 0 
0.0389867 -2.33422 2.97401 2.42353 -1.99372 -242.745 3.73139 1.2326 0.183384 -2.7038 3.59464 1.63613 -7.1158 7.43117 0 18.569 -10.2132 0.547858 2.97001 2.48717 1.77442 5.17703 -3.63024 -0.129099 -4.09783 2.30115 -0.435968 -2.61609 -10.1945 -3.52569 -15.6784 5.36311 7.31176 -3.894 0.290701 4.05586 4.57201 -1.92813 -10.674 -4.2072 0.370177 6.77237 2.56598 -2.01567 2.85207 -0.997158 1.75993 0.81519 1.92706 -2.22821 
0.0288947 9.93715 -5.9863 -3.26385 -3.96959 3.73139 -267.936 -5.71337 -8.29676 -7.27361 5.9073 -3.82182 8.81735 18.5243 5.06111 22.7473 3.92913 0.963567 9.4692 -6.08947 -1.75849 -1.5278 10.4685 9.30984 8.35419 -1.95453 2.7519 6.05373 6.3249 2.97651 -7.88677 -3.12796 1.49253 -11.6839 4.04991 -4.94666 -1.46281 7.93367 0.152822 -1.04702 13.5604 -1.11477 7.43559 -0.11989 -1.7295 0.44237 -0.298727 6.50655 0.667786 8.14661 
0.00664436 -5.59759 2.61892 -6.09892 2.57504 1.2326 -5.71337 -358.398 0.402131 16.1403 -1.67606 -9.28093 3.05703 -9.44755 3.8676 -4.33683 -0.397706 8.77326 3.51248 20.4523 5.7108 0.0251931 -0.432348 0.143659 9.66732 3.51562 -0.00563683 3.37142 7.01155 7.6842 5.93308 6.24884 5.79571 -1.21767 0.972798 1.80237 3.56703 -4.44995 -1.48229 3.40756 13.2635 4.09676 2.82733 -9.51544 0.257456 -3.13432 5.23634 6.11881 -1.35856 4.69659 
-0.0126086 -2.84627 -0.890774 2.11996 -2.80342 0.183384 -8.29676 0.402131 375.015 8.42017 5.76523 5.05035 0.698819 -2.6921 -1.59492 -5.10846 9.13593 3.75544 -12.5969 9.73114 -0.272339 -6.13101 -10.3063 -0.322341 -2.12431 -2.16448 -1.98842 5.59591 12.2579 2.10211 5.39372 -0.714295 2.75752 0.957907 -3.57416 1.12649 2.92755 -0.252939 5.19524 -0.705959 -4.32911 2.26819 -0.13913 1.53803 3.2736 -2.52735 0.804949 -1.32784 -3.96843 3.39165 
-0.0151804 -4.63668 1.6058 -2.36515 3.34239 -2.7038 -7.27361 16.1403 8.42017 320.858 -8.26063 -3.57655 0.650363 -0.744744 -2.59206 0.739015 -6.54935 2.36351 -7.09544 -2.17727 -3.10883 0.0554277 -6.73355 -6.17243 5.37432 -6.32963 -5.97491 -3.02846 -3.70427 -2.76253 1.22708 5.66032 1.06214 2.67449 -0.633234 -5.77896 4.37583 -3.58627 0.67755 4.57956 -5.43171 -4.63248 -2.7562 -6.49628 3.72681 0.630052 5.4962 -1.76599 -0.140139 -2.59762 
-0.0246599 9.49921 -0.528923 -10.9591 -0.121781 3.59464 5.9073 -1.67606 5.76523 -8.26063 -281.692 -26.0051 -5.83291 14.8613 6.12286 -12.4484 8.38892 0.788831 13.5555 5.77365 -0.564389 -2.39502 1.36952 5.30011 1.1336 -1.40364 -5.93023 3.44665 5.65712 -3.71437 -4.43256 -0.681681 -1.12542 -5.25844 1.91024 -2.88298 0.270768 0.480137 -6.94373 3.30682 6.2384 -1.269 0.994875 5.18297 -9.04707 1.23967 1.34731 1.44388 -2.42833 -1.34807 
-0.0271043 5.4976 -1.66019 -1.25672 2.24626 1.63613 -3.82182 -9.28093 5.05035 -3.57655 -26.0051 303.097 5.46648 -2.05557 3.94968 -3.09773 -6.30603 -9.09641 10.6791 -11.1185 -2.38083 3.40474 4.97967 -7.91785 9.60255 2.10941 6.10811 -9.6541 -4.09941 -6.21378 5.41285 -6.50319 -3.08601 4.17446 5.43255 -3.00106 -8.36965 7.07561 3.47795 -5.7853 1.43033 -5.6066 4.65932 2.27738 -1.97075 2.45589 -0.438964 0.00292498 5.21497 -3.90245 
0.0539143 2.0127 -4.25497 -6.75869 -2.09147 -7.1158 8.81735 3.05703 0.698819 0.650363 -5.83291 5.46648 231.593 0.983624 -15.7005 22.5561 -20.6506 -2.76702 1.59523 -14.8253 -0.699431 3.02641 8.91622 5.20255 0.690691 12.2174 9.07078 2.9453 -5.15693 -11.5454 -9.99298 -10.3106 2.90994 4.81866 3.04391 0.308805 -1.43745 6.60464 -15.0097 -8.93498 2.511 1.07205 6.70423 6.04151 -5.50937 -0.0887084 -0.264402 4.63326 4.34064 2.2615 
-0.0182611 8.34483 4.23267 -3.27578 0.796143 7.43117 18.5243 -9.44755 -2.6921 -0.744744 14.8613 -2.05557 0.983624 249.012 16.3447 -8.02805 2.7295 9.67575 8.84425 -6.19596 -8.45577 -5.71384 14.2987 1.03671 1.24013 0.411463 6.81868 2.57828 2.22512 1.33219 5.12373 8.61948 3.96015 3.06218 6.28453 -3.26285 1.80889 0.930847 4.84745 1.3364 -2.1886 -2.00513 -2.99123 2.35433 -1.03694 -3.40711 1.69984 -6.24468 -2.45992 1.21099 
-0.00980419 -2.33581 -4.72534 -5.85931 -0.647442 0 5.06111 3.8676 -1.59492 -2.59206 6.12286 3.94968 -15.7005 16.3447 -216.319 13.2695 -9.64649 -1.1483 4.42286 -6.783 -4.28094 6.0474 -18.4527 5.36269 -2.47763 -5.10729 -7.99729 5.95209 -15.7682 -6.45482 -4.57785 9.17761 -6.0836 -1.39994 -4.16882 1.22967 -0.42475 1.35656 -6.97811 -3.80348 -1.45849 0.801251 -5.23269 0.418155 -2.59084 1.04674 0.343964 2.59812 -1.09733 2.18829 
0.038039 0.37227 0.982598 -1.09814 -1.52546 18.569 22.7473 -4.33683 -5.10846 0.739015 -12.4484 -3.09773 22.5561 -8.02805 13.2695 240.755 -10.0023 7.80433 -0.33441 -4.28784 3.73299 2.03347 4.12203 8.8506 -1.90631 -1.95037 -2.39382 0.372496 10.7627 1.21781 -22.8207 -2.18535 4.04246 -0.592601 -8.41438 11.3005 6.35505 -3.35736 -6.84528 3.27787 5.98037 4.73524 0.327341 0.241296 0.813322 -3.80369 -3.11995 6.3203 -0.221594 4.5841 
0.0566208 -4.82685 5.57791 4.03509 -2.05871 -10.2132 3.92913 -0.397706 9.13593 -6.54935 8.38892 -6.30603 -20.6506 2.7295 -9.64649 -10.0023 -232.594 1.9645 -29.0124 2.31949 -3.54314 2.33556 26.9091 -4.48925 -3.94044 20.612 0.566911 -13.0574 -13.8915 -7.98016 1.97519 12.13 10.2788 13.382 2.70799 4.1431 -2.28173 -3.02972 -16.9895 5.42273 -5.56683 6.05256 -3.4679 -6.7196 -2.59533 2.5429 1.70975 2.40962 0.0604582 -9.63912 
0.0539574 11.3615 4.50308 7.47657 -2.35593 0.547858 0.963567 8.77326 3.75544 2.36351 0.788831 -9.09641 -2.76702 9.67575 -1.1483 7.80433 1.9645 203.251 11.6119 17.3708 -1.51184 -2.43876 26.114 0.473971 -12.6635 31.4583 15.1047 11.6781 5.97786 14.9444 -5.87719 -4.98903 5.70863 2.73835 2.31675 9.34366 9.84279 -5.23742 -6.38566 5.79787 1.10315 15.2627 -6.24256 0.0638502 0.100208 -7.46811 -5.14309 -2.68337 -1.48727 4.21636 
0.0172375 -0.921351 -0.282998 2.32189 0.167179 2.97001 9.4692 3.51248 -12.5969 -7.09544 13.5555 10.6791 1.59523 8.84425 4.42286 -0.33441 -29.0124 11.6119 -225.25 3.65994 -3.14344 -3.74168 -0.0582029 1.56028 9.8657 0.550731 -8.54892 5.63641 8.26677 -4.70884 -2.46298 -2.07994 -0.737139 2.03072 -0.890192 1.37627 -2.65826 1.51646 -0.824949 3.34853 -5.44169 0.482432 -0.886395 -0.812285 0.351565 -0.522527 3.74738 4.38882 1.69378 1.89754 
0.0118765 4.21616 -1.64631 1.53828 -1.07092 2.48717 -6.08947 20.4523 9.73114 -2.17727 5.77365 -11.1185 -14.8253 -6.19596 -6.783 -4.28784 2.31949 17.3708 3.65994 257.888 4.881 0.334227 2.71887 7.07364 -5.28103 6.66958 4.49059 0.295311 4.44603 4.62478 -2.83554 -6.24944 3.76727 -1.67601 -6.92902 10.6507 2.43116 -1.70768 -0.660534 -1.56707 4.9559 7.57735 1.18545 4.74361 0.427856 -5.95255 -1.1003 2.54372 -2.2102 3.46401 
0.0872756 6.61029 0.955686 0.169628 0.302742 1.77442 -1.75849 5.7108 -0.272339 -3.10883 -0.564389 -2.38083 -0.699431 -8.45577 -4.28094 3.73299 -3.54314 -1.51184 -3.14344 4.881 98.4313 3.20091 31.3045 15.7445 -1.03309 0.546284 9.87853 6.07698 1.64478 -12.8627 -11.5224 -5.86361 7.79617 7.94027 18.2084 -3.52245 -8.63197 3.00296 -7.48296 -11.1788 7.16119 -0.471348 9.45107 16.1744 -11.1497 5.81906 -7.68777 2.16232 0.895907 -0.236712 
0.0425276 4.66875 3.01141 3.22074 -1.6571 5.17703 -1.5278 0.0251931 -6.13101 0.0554277 -2.39502 3.40474 3.02641 -5.71384 6.0474 2.03347 2.33556 -2.43876 -3.74168 0.334227 3.20091 -142.093 17.2907 -7.44015 2.19584 18.8409 3.76554 3.7438 -15.0339 -5.66651 -11.8707 3.33959 13.6375 -2.25696 -8.17845 4.14374 3.03478 -0.475639 -12.0995 -0.320322 3.69166 14.0956 3.43283 -4.06613 -1.48502 1.32955 1.68428 -0.0458466 -3.70609 -3.30616 
-0.00426019 -0.733811 0.349187 -0.980325 0.380845 -3.63024 10.4685 -0.432348 -10.3063 -6.73355 1.36952 4.97967 8.91622 14.2987 -18.4527 4.12203 26.9091 26.114 -0.0582029 2.71887 31.3045 17.2907 -239.154 -2.78198 0.762398 -7.73358 2.56867 -3.72659 7.41017 3.80569 1.86476 -3.08103 -1.05344 -4.73056 1.07067 0.20746 3.37045 -0.000835027 -3.02911 -1.41417 0.962748 -0.389414 -1.66911 -2.21822 1.05484 -0.852231 1.36022 -0.30592 1.2719 1.34755 
-0.0250989 -0.212149 0.372683 -1.54942 0.57095 -0.129099 9.30984 0.143659 -0.322341 -6.17243 5.30011 -7.91785 5.20255 1.03671 5.36269 8.8506 -4.48925 0.473971 1.56028 7.07364 15.7445 -7.44015 -2.78198 -155.009 -7.67033 -11.4362 -4.27258 -1.69371 3.21721 4.82983 4.15839 5.88198 -6.90401 2.93013 1.61657 -9.0424 3.59141 -1.03277 13.9003 5.1488 -7.51684 -10.4369 1.64881 -3.99861 5.30024 -1.01432 0.153745 -6.06223 0.288217 -1.6085 
-0.00134735 -0.348847 0.619311 1.34995 0.0709134 -4.09783 8.35419 9.66732 -2.12431 5.37432 1.1336 9.60255 0.690691 1.24013 -2.47763 -1.90631 -3.94044 -12.6635 9.8657 -5.28103 -1.03309 2.19584 0.762398 -7.67033 -157.805 4.10073 3.57282 -2.89197 -4.48808 5.94358 1.69313 1.2121 2.94669 1.2294 -3.30283 3.32942 1.84117 1.60359 1.25793 -0.957064 0.803667 0.324708 -1.35775 1.77422 0.018894 -4.25895 -0.816743 -5.17016 -1.41429 0.0207367 
0.00116432 1.86361 -0.68091 -0.146691 -1.23028 2.30115 -1.95453 3.51562 -2.16448 -6.32963 -1.40364 2.10941 12.2174 0.411463 -5.10729 -1.95037 20.612 31.4583 0.550731 6.66958 0.546284 18.8409 -7.73358 -11.4362 4.10073 195.923 0.148891 11.169 2.06955 -0.709332 0.682484 0.801634 2.40708 2.48062 -3.93827 4.73734 2.26654 -1.2579 -5.36548 3.29419 -4.06489 7.2427 -1.35046 -1.29603 2.26466 -1.83696 -0.350852 4.30103 -4.92219 3.17437 
-0.011149 0.141597 1.01542 0.0619564 0.0101626 -0.435968 2.7519 -0.00563683 -1.98842 -5.97491 -5.93023 6.10811 9.07078 6.81868 -7.99729 -2.39382 0.566911 15.1047 -8.54892 4.49059 9.87853 3.76554 2.56867 -4.27258 3.57282 0.148891 137.938 -2.42052 -13.3895 11.8097 1.80605 4.61474 6.09474 -3.94893 -5.86006 5.81349 7.31522 0.938618 0.4698 -5.68132 -0.470869 2.491 -1.69023 1.45695 -1.38496 -5.7438 -0.435385 -11.8036 -5.37744 1.09831 
0.0108276 0.954098 0.0636342 -0.868092 -0.0547317 -2.61609 6.05373 3.37142 5.59591 -3.02846 3.44665 -9.6541 2.9453 2.57828 5.95209 0.372496 -13.0574 11.6781 5.63641 0.295311 6.07698 3.7438 -3.72659 -1.69371 -2.89197 11.169 -2.42052 -146.13 -6.22603 0.396964 -6.29009 1.07642 0.177722 -15.824 3.15581 -1.67289 -0.876886 -1.75997 -12.8755 1.34186 8.506 -3.65508 1.51621 -3.70104 -2.91297 6.42171 2.43487 -2.94812 -0.154152 -5.42447 
0.00698092 0.72089 -0.312316 0.663438 -0.94869 -10.1945 6.3249 7.01155 12.2579 -3.70427 5.65712 -4.09941 -5.15693 2.22512 -15.7682 10.7627 -13.8915 5.97786 8.26677 4.44603 1.64478 -15.0339 7.41017 3.21721 -4.48808 2.06955 -13.3895 -6.22603 180.824 -2.0442 -7.14944 -5.5138 2.682 -6.42807 -9.6223 6.26602 3.25368 4.54884 -0.741435 2.29419 -0.617034 6.5469 -1.49586 -0.996412 2.51168 -3.23074 0.680468 3.16618 -2.20274 1.91482 
-0.0155564 -1.52314 -0.0641652 -1.58843 1.50802 -3.52569 2.97651 7.6842 2.10211 -2.76253 -3.71437 -6.21378 -11.5454 1.33219 -6.45482 1.21781 -7.98016 14.9444 -4.70884 4.62478 -12.8627 -5.66651 3.80569 4.82983 5.94358 -0.709332 11.8097 0.396964 -2.0442 108.002 13.6867 -0.611048 -12.0548 5.37025 11.4781 -15.8871 -8.44492 -0.843075 6.33759 4.11463 1.6398 -13.0779 1.40508 -7.25751 -2.23814 6.85571 -0.682947 3.75553 8.22842 -0.636564 
0.00292821 -0.37919 0.207419 0.778974 -0.444357 -15.6784 -7.88677 5.93308 5.39372 1.22708 -4.43256 5.41285 -9.99298 5.12373 -4.57785 -22.8207 1.97519 -5.87719 -2.46298 -2.83554 -11.5224 -11.8707 1.86476 4.15839 1.69313 0.682484 1.80605 -6.29009 -7.14944 13.6867 -130.367 0.0204134 1.53135 1.89139 -9.77229 4.08744 -1.87598 0.682306 -2.55227 -1.22191 -2.72256 6.00359 -2.17535 -0.87335 -1.6838 -0.973238 0.521483 2.42639 -1.35676 1.03637 
0.000749919 -0.165722 -0.206545 0.151527 -0.0997942 5.36311 -3.12796 6.24884 -0.714295 5.66032 -0.681681 -6.50319 -10.3106 8.61948 9.17761 -2.18535 12.13 -4.98903 -2.07994 -6.24944 -5.86361 3.33959 -3.08103 5.88198 1.2121 0.801634 4.61474 1.07642 -5.5138 -0.611048 0.0204134 -173.601 0.797354 -1.53951 -1.32323 2.17864 -1.5216 3.71823 -2.06964 -4.50697 0.658822 0.987171 0.361192 2.79885 -2.38194 -0.0789809 -1.41754 -0.930222 -0.217796 1.02539 
0.00551664 -0.548417 -0.162908 0.0714117 0.180908 7.31176 1.49253 5.79571 2.75752 1.06214 -1.12542 -3.08601 2.90994 3.96015 -6.0836 4.04246 10.2788 5.70863 -0.737139 3.76727 7.79617 13.6375 -1.05344 -6.90401 2.94669 2.40708 6.09474 0.177722 2.682 -12.0548 1.53135 0.797354 -72.8682 11.3543 1.37471 2.42941 -9.74725 -9.59593 6.59828 4.22018 -2.09135 5.14519 -7.69744 -1.84997 -2.92272 14.2799 -0.892324 10.6584 4.0665 3.23308 
0.00246703 -0.0242604 0.142597 0.132342 0.0749203 -3.894 -11.6839 -1.21767 0.957907 2.67449 -5.25844 4.17446 4.81866 3.06218 -1.39994 -0.592601 13.382 2.73835 2.03072 -1.67601 7.94027 -2.25696 -4.73056 2.93013 1.2294 2.48062 -3.94893 -15.824 -6.42807 5.37025 1.89139 -1.53951 11.3543 -97.662 -0.40522 -0.674605 -2.04261 0.512028 -4.12803 5.59159 -0.654909 0.21041 3.134 -4.76467 1.76109 0.602597 2.09119 -1.82026 0.014533 -3.12361 
0.00535827 -1.05542 -0.0377907 -0.17107 0.937577 0.290701 4.04991 0.972798 -3.57416 -0.633234 1.91024 5.43255 3.04391 6.28453 -4.16882 -8.41438 2.70799 2.31675 -0.890192 -6.92902 18.2084 -8.17845 1.07067 1.61657 -3.30283 -3.93827 -5.86006 3.15581 -9.6223 11.4781 -9.77229 -1.32323 1.37471 -0.40522 156.435 -13.3341 -6.24209 0.433098 -1.80427 1.42342 1.5325 -10.9589 3.45658 -3.05943 -2.10953 6.7383 5.34848 -3.97341 5.1779 -3.32387 
0.00543312 -0.240821 0.2267 -0.103886 0.324735 4.05586 -4.94666 1.80237 1.12649 -5.77896 -2.88298 -3.00106 0.308805 -3.26285 1.22967 11.3005 4.1431 9.34366 1.37627 10.6507 -3.52245 4.14374 0.20746 -9.0424 3.32942 4.73734 5.81349 -1.67289 6.26602 -15.8871 4.08744 2.17864 2.42941 -0.674605 -13.3341 -65.4147 -1.61433 -6.98871 -12.3412 4.1623 2.02534 -5.44251 4.9524 -8.73298 0.458011 3.16816 0.894935 -2.0146 0.651312 -6.42446 
-0.00364683 0.0387949 -0.178701 -0.272961 0.0920008 4.57201 -1.46281 3.56703 2.92755 4.37583 0.270768 -8.36965 -1.43745 1.80889 -0.42475 6.35505 -2.28173 9.84279 -2.65826 2.43116 -8.63197 3.03478 3.37045 3.59141 1.84117 2.26654 7.31522 -0.876886 3.25368 -8.44492 -1.87598 -1.5216 -9.74725 -2.04261 -6.24209 -1.61433 -55.9501 -0.440766 2.7613 -4.41683 -4.82483 1.9025 3.74337 -0.700582 -2.45834 1.75278 -3.23944 -2.81797 0.271293 -1.78521 
-0.000959605 -0.124404 0.36027 -0.258937 0.0538623 -1.92813 7.93367 -4.44995 -0.252939 -3.58627 0.480137 7.07561 6.60464 0.930847 1.35656 -3.35736 -3.02972 -5.23742 1.51646 -1.70768 3.00296 -0.475639 -0.000835027 -1.03277 1.60359 -1.2579 0.938618 -1.75997 4.54884 -0.843075 0.682306 3.71823 -9.59593 0.512028 0.433098 -6.98871 -0.440766 -21.4913 -0.143941 11.1907 -1.77023 -2.06743 1.10211 -6.52169 2.37776 0.801529 0.719513 -0.648241 -0.893423 -4.20848 
0.000140631 -0.329228 0.162696 0.0101434 0.161236 -10.674 0.152822 -1.48229 5.19524 0.67755 -6.94373 3.47795 -15.0097 4.84745 -6.97811 -6.84528 -16.9895 -6.38566 -0.824949 -0.660534 -7.48296 -12.0995 -3.02911 13.9003 1.25793 -5.36548 0.4698 -12.8755 -0.741435 6.33759 -2.55227 -2.06964 6.59828 -4.12803 -1.80427 -12.3412 2.7613 -0.143941 134.225 4.86288 -0.880522 -5.09101 -0.70761 -3.02714 1.17799 -0.282242 1.79794 0.546817 0.178036 -1.06209 
0.00077637 0.0631364 -0.0725185 -0.0908619 -0.279594 -4.2072 -1.04702 3.40756 -0.705959 4.57956 3.30682 -5.7853 -8.93498 1.3364 -3.80348 3.27787 5.42273 5.79787 3.34853 -1.56707 -11.1788 -0.320322 -1.41417 5.1488 -0.957064 3.29419 -5.68132 1.34186 2.29419 4.11463 -1.22191 -4.50697 4.22018 5.59159 1.42342 4.1623 -4.41683 11.1907 4.86288 -17.0881 0.415747 5.33068 -2.32436 4.54544 -5.86782 -0.950418 -3.80356 -2.46817 -3.34612 -3.17338 
-0.00121017 -0.0665938 -0.0617146 0.0599934 0.146994 0.370177 13.5604 13.2635 -4.32911 -5.43171 6.2384 1.43033 2.511 -2.1886 -1.45849 5.98037 -5.56683 1.10315 -5.44169 4.9559 7.16119 3.69166 0.962748 -7.51684 0.803667 -4.06489 -0.470869 8.506 -0.617034 1.6398 -2.72256 0.658822 -2.09135 -0.654909 1.5325 2.02534 -4.82483 -1.77023 -0.880522 0.415747 132.476 -1.98791 2.06639 -0.646873 0.597145 0.666596 0.65422 -2.17467 -0.134991 -1.42641 
-0.00236191 0.261593 -0.1591 -0.320054 0.0367899 6.77237 -1.11477 4.09676 2.26819 -4.63248 -1.269 -5.6066 1.07205 -2.00513 0.801251 4.73524 6.05256 15.2627 0.482432 7.57735 -0.471348 14.0956 -0.389414 -10.4369 0.324708 7.2427 2.491 -3.65508 6.5469 -13.0779 6.00359 0.987171 5.14519 0.21041 -10.9589 -5.44251 1.9025 -2.06743 -5.09101 5.33068 -1.98791 -86.3285 1.05383 0.76375 -0.838382 1.12869 -1.00674 -2.63907 -0.913707 -1.82885 
-0.000206298 0.00330418 -0.1073 0.0332393 -0.0902768 2.56598 7.43559 2.82733 -0.13913 -2.7562 0.994875 4.65932 6.70423 -2.99123 -5.23269 0.327341 -3.4679 -6.24256 -0.886395 1.18545 9.45107 3.43283 -1.66911 1.64881 -1.35775 -1.35046 -1.69023 1.51621 -1.49586 1.40508 -2.17535 0.361192 -7.69744 3.134 3.45658 4.9524 3.74337 1.10211 -0.70761 -2.32436 2.06639 1.05383 45.9478 -0.200456 -2.02006 -0.427911 -6.86703 2.24938 0.38503 -1.22666 
-0.00157945 0.365043 -0.157216 -0.12813 -0.0399666 -2.01567 -0.11989 -9.51544 1.53803 -6.49628 5.18297 2.27738 6.04151 2.35433 0.418155 0.241296 -6.7196 0.0638502 -0.812285 4.74361 16.1744 -4.06613 -2.21822 -3.99861 1.77422 -1.29603 1.45695 -3.70104 -0.996412 -7.25751 -0.87335 2.79885 -1.84997 -4.76467 -3.05943 -8.73298 -0.700582 -6.52169 -3.02714 4.54544 -0.646873 0.76375 -0.200456 74.3659 -1.52984 0.0920202 -6.24214 -1.695 -0.455456 -0.830868 
0.000695192 0.0889772 -0.0733199 -0.0080481 -0.00524569 2.85207 -1.7295 0.257456 3.2736 3.72681 -9.04707 -1.97075 -5.50937 -1.03694 -2.59084 0.813322 -2.59533 0.100208 0.351565 0.427856 -11.1497 -1.48502 1.05484 5.30024 0.018894 2.26466 -1.38496 -2.91297 2.51168 -2.23814 -1.6838 -2.38194 -2.92272 1.76109 -2.10953 0.458011 -2.45834 2.37776 1.17799 -5.86782 0.597145 -0.838382 -2.02006 -1.52984 69.7362 0.913189 1.26132 2.72423 1.39624 -0.156285 
0.000578403 0.040196 0.0189337 0.0157061 -0.00883539 -0.997158 0.44237 -3.13432 -2.52735 0.630052 1.23967 2.45589 -0.0887084 -3.40711 1.04674 -3.80369 2.5429 -7.46811 -0.522527 -5.95255 5.81906 1.32955 -0.852231 -1.01432 -4.25895 -1.83696 -5.7438 6.42171 -3.23074 6.85571 -0.973238 -0.0789809 14.2799 0.602597 6.7383 3.16816 1.75278 0.801529 -0.282242 -0.950418 0.666596 1.12869 -0.427911 0.0920202 0.913189 -9.15491 1.14179 1.21533 -0.169632 0.0414598 
0.000226243 -0.104029 0.0110054 0.120929 0.0150371 1.75993 -0.298727 5.23634 0.804949 5.4962 1.34731 -0.438964 -0.264402 1.69984 0.343964 -3.11995 1.70975 -5.14309 3.74738 -1.1003 -7.68777 1.68428 1.36022 0.153745 -0.816743 -0.350852 -0.435385 2.43487 0.680468 -0.682947 0.521483 -1.41754 -0.892324 2.09119 5.34848 0.894935 -3.23944 0.719513 1.79794 -3.80356 0.65422 -1.00674 -6.86703 -6.24214 1.26132 1.14179 -27.4074 -0.965606 0.0159339 -0.0489258 
-0.000436816 0.000780784 0.0233112 -0.158806 0.000102281 0.81519 6.50655 6.11881 -1.32784 -1.76599 1.44388 0.00292498 4.63326 -6.24468 2.59812 6.3203 2.40962 -2.68337 4.38882 2.54372 2.16232 -0.0458466 -0.30592 -6.06223 -5.17016 4.30103 -11.8036 -2.94812 3.16618 3.75553 2.42639 -0.930222 10.6584 -1.82026 -3.97341 -2.0146 -2.81797 -0.648241 0.546817 -2.46817 -2.17467 -2.63907 2.24938 -1.695 2.72423 1.21533 -0.965606 98.8367 0.0394393 0.0462393 
0.000641961 -0.0495156 0.01674 0.141737 0.000563086 1.92706 0.667786 -1.35856 -3.96843 -0.140139 -2.42833 5.21497 4.34064 -2.45992 -1.09733 -0.221594 0.0604582 -1.48727 1.69378 -2.2102 0.895907 -3.70609 1.2719 0.288217 -1.41429 -4.92219 -5.37744 -0.154152 -2.20274 8.22842 -1.35676 -0.217796 4.0665 0.014533 5.1779 0.651312 0.271293 -0.893423 0.178036 -3.34612 -0.134991 -0.913707 0.38503 -0.455456 1.39624 -0.169632 0.0159339 0.0394393 20.636 -0.0619095 
-0.000231837 0.0630147 0.002129 -0.0971966 0 -2.22821 8.14661 4.69659 3.39165 -2.59762 -1.34807 -3.90245 2.2615 1.21099 2.18829 4.5841 -9.63912 4.21636 1.89754 3.46401 -0.236712 -3.30616 1.34755 -1.6085 0.0207367 3.17437 1.09831 -5.42447 1.91482 -0.636564 1.03637 1.02539 3.23308 -3.12361 -3.32387 -6.42446 -1.78521 -4.20848 -1.06209 -3.17338 -1.42641 -1.82885 -1.22666 -0.830868 -0.156285 0.0414598 -0.0489258 0.0462393 -0.0619095 53.3546 
