2552.24 -0.00200247 0.0131332 0.0263682 -0.05133 0.0567074 0.00981151 0.00533131 -0.015374 -0.013209 -0.0328941 -0.027593 0.0541696 -0.0176107 -0.00744827 0.0399977 0.031498 0.0542367 -0.00439536 0.0125534 0.0870467 0.0444649 0.025824 -0.0246098 -0.00144226 0.00285346 -0.0116989 0.00911208 0.00534675 -0.016841 -0.00239877 0.0067112 0.00841549 0.00344488 0.00552241 0.00642724 -0.00364525 -0.00113479 -0.00176571 0.00104404 -0.0013623 -0.000194611 0.00020983 -0.00225843 0.000707277 0.000577139 0.000992045 0.000197438 0.00090394 -0.00103014 
-0.00200247 -273.314 6.19844 -11.6759 8.09716 -3.90297 12.5273 -4.98863 -3.65695 -4.37856 5.47334 5.29451 2.14512 8.97296 -0.981886 0.701977 -1.41759 11.2728 3.57791 3.92621 6.55663 4.41944 1.42437 0.776112 0.0640903 1.69483 0.259156 1.65362 0.922979 -1.45868 -0.889067 -1.25947 -0.750184 -0.892855 -0.984128 -0.645198 -0.14053 0.301948 -0.184438 -0.0756218 0.274458 0.0231481 0.273499 0.644072 -0.0803818 0.131477 -0.293795 0.0693681 -0.0823528 0.304767 
0.0131332 6.19844 -323.199 5.69637 -2.52626 4.17536 -5.63826 2.49129 -0.526257 1.84554 1.60133 -1.56689 -4.31543 3.93567 -5.33755 0.911115 2.62501 4.55734 -3.49327 -1.48406 0.969861 3.21019 0.565616 -0.0757061 0.411498 -0.534174 0.937318 -0.342322 -0.476313 -0.148327 0.238229 0.550229 0.0477176 0.601067 -0.0659022 0.460944 -0.0939051 0.149454 0.0160767 0.00375482 -0.235803 0.0417921 -0.221686 -0.316221 0.00858143 -0.0239523 0.131391 0.0142419 0.04358 -0.148051 
0.0263682 -11.6759 5.69637 276.36 -10.6864 4.54391 -5.47427 -6.35458 1.69912 -2.77033 -9.19531 -1.02485 -6.87738 -3.4733 -6.76545 -1.13391 1.5859 7.3909 -0.852099 1.41917 0.0775376 3.42278 -0.870207 -1.99555 0.698103 -0.0356221 -0.0199968 -1.40314 0.365324 -1.82147 0.551596 0.631995 0.121711 0.646897 -0.227358 0.102505 -0.292258 -0.364475 -0.129275 -0.109152 -0.358071 -0.217746 -0.151067 -0.0935123 0.0621413 0.0522815 0.105225 -0.281581 0.199621 -0.349326 
-0.05133 8.09716 -2.52626 -10.6864 -331.229 -2.26688 -3.42403 2.40389 -2.18262 3.83194 1.29338 2.29474 -2.12534 0.594398 -1.02455 -1.73024 -1.23524 -2.32519 0.445532 -0.988088 0.347081 -1.70703 -1.78401 0.31656 0.0609665 -1.27664 0.0137159 -0.0993892 -0.883807 1.58836 0.0052226 -0.122418 0.0981192 0.211161 0.917236 0.367947 0.151179 -0.0524363 0.231052 -0.245898 0.120263 -0.00966567 -0.162448 -0.100707 0.0348385 -0.0435783 0.04052 -0.0301707 -0.0116859 0.00627503 
0.0567074 -3.90297 4.17536 4.54391 -2.26688 -263.603 8.09333 2.49115 4.41583 -5.79214 8.6399 1.09369 -18.2748 4.11934 3.90347 -8.04462 -21.1316 -7.96997 6.16374 -1.18241 -13.5994 -11.4882 1.56944 1.82597 0.308274 -0.444019 -0.643624 -0.12726 -0.142656 2.6671 -0.712877 -0.421085 -0.431749 -0.853402 0.55086 -0.688314 -0.0458604 0.0398595 0.0887128 -0.114909 0.399914 0.0173422 0.276637 0.110026 -0.144787 -0.0138574 0.00496478 0.139964 -0.0284779 0.173577 
0.00981151 12.5273 -5.63826 -5.47427 -3.42403 8.09333 -279.952 -2.14166 8.11318 2.11856 -3.00067 -2.83337 -1.93409 -7.95127 3.28436 -2.30299 0.817125 -10.0802 -2.15043 -1.65781 -12.1421 -5.12924 -0.923137 1.09429 0.222548 0.00313519 0.565468 -1.66299 -0.920458 0.497666 0.32892 -0.197858 0.9422 0.19521 -0.439042 0.246701 0.0743574 0.260397 0.123871 -0.00888416 -0.0668629 -0.00985239 -0.0860458 0.0309532 -0.0273623 0.00675604 -0.0184826 -0.0300895 0.00904479 -0.0237619 
0.00533131 -4.98863 2.49129 -6.35458 2.40389 2.49115 -2.14166 -362.867 -0.393996 -0.257874 -0.617517 0.452373 1.6929 -1.17043 0.557138 -0.154571 0.0457479 -1.27587 -0.672864 -0.162675 0.71415 -0.63992 -0.396023 0.41905 -0.182141 -0.464829 -0.222659 -0.156321 0.100371 0.0234115 0.0066235 0.0735058 -0.00616321 -0.0986752 0.184251 -0.241137 0.231083 -0.155091 -0.0475947 0.149895 0.0168845 0.0775196 0.0828166 0.136652 -0.0409786 -0.0338501 0.0124182 -0.00150691 0.00135087 0 
-0.015374 -3.65695 -0.526257 1.69912 -2.18262 4.41583 8.11318 -0.393996 376.464 -0.0523339 0 4.28538 0.642513 -2.96037 -1.77636 -5.34653 7.14318 4.10698 -13.4524 9.45971 -0.692033 -6.12417 -8.97911 -0.805588 -1.04905 -2.97996 -2.94809 5.23121 11.4686 1.54365 4.83786 0.400171 3.13668 1.15275 -3.61873 0.205546 3.52527 -0.755345 5.04457 0.0267024 -5.02472 1.7041 -0.451793 0.55435 3.69132 -2.38043 1.68083 -1.52009 -3.96788 2.89307 
-0.013209 -4.37856 1.84554 -2.77033 3.83194 -5.79214 2.11856 -0.257874 -0.0523339 320.014 -8.56881 -4.41389 0.474984 -0.878778 -2.6512 0.9809 -5.73712 1.93779 -2.6821 -3.15509 -2.83913 0.763448 -8.18331 -6.04544 5.90051 -5.96268 -5.57059 -3.58879 -5.26338 -2.77076 0.973276 5.24455 0.482296 2.32423 -0.0933524 -5.94989 3.95378 -3.60527 0.0301573 4.68451 -4.41165 -5.03462 -2.6762 -6.78719 3.16713 0.939769 5.34496 -1.48568 0.395566 -2.91872 
-0.0328941 5.47334 1.60133 -9.19531 1.29338 8.6399 -3.00067 -0.617517 0 -8.56881 -283.906 -23.1489 -8.52763 7.449 3.91994 -19.4811 4.00363 0.423031 6.25844 7.65624 0.0927783 -1.33564 0.890761 1.52336 -2.08728 -0.29035 -6.57536 0.61072 2.71911 -4.71324 -2.04977 1.50021 -1.18294 -0.465882 0.420024 -0.695213 0.758087 -2.44556 -6.92406 3.51834 1.08818 -0.453473 -1.67639 4.74069 -7.87966 1.00563 1.48189 -0.821696 -2.42026 -4.3014 
-0.027593 5.29451 -1.56689 -1.02485 2.29474 1.09369 -2.83337 0.452373 4.28538 -4.41389 -23.1489 303.496 5.28492 -2.42164 3.72117 -3.36162 -6.3762 -9.24569 10.0919 -11.2799 -2.42442 3.54619 4.42959 -8.38625 9.13563 2.12115 6.07356 -9.99807 -4.39645 -6.35231 5.68802 -6.38796 -3.16826 4.6452 5.30429 -2.82817 -8.3624 6.88771 3.51466 -5.81056 0.827543 -5.57816 4.39185 2.31804 -1.83128 2.46529 -0.477578 -0.248607 5.2487 -4.19105 
0.0541696 2.14512 -4.31543 -6.87738 -2.12534 -18.2748 -1.93409 1.6929 0.642513 0.474984 -8.52763 5.28492 231.691 1.21825 -15.4787 22.5005 -13.4729 -2.74558 8.72073 -14.8851 -0.614038 2.49143 1.98612 5.37997 1.13292 11.6946 9.26472 3.72737 -4.45721 -11.0373 -8.42303 -12.1713 2.12914 4.21781 3.07996 -0.101239 -1.41715 6.74423 -14.4404 -8.9751 2.97235 0.412279 6.74673 6.17052 -5.58446 -0.119489 -0.432323 4.60774 4.23277 2.69467 
-0.0176107 8.97296 3.93567 -3.4733 0.594398 4.11934 -7.95127 -1.17043 -2.96037 -0.878778 7.449 -2.42164 1.21825 250.143 16.447 -6.98303 -1.59337 9.58709 4.94405 -6.57802 -8.67861 -5.41057 16.3598 0.818823 0.947528 0.380101 6.73113 2.21377 2.20296 1.11541 4.71547 9.13923 4.00955 3.14729 6.39756 -3.27058 1.75764 1.10015 4.65017 1.33899 -2.11937 -1.9895 -2.92419 2.47368 -1.13552 -3.33439 1.69905 -6.14299 -2.40198 1.21081 
-0.00744827 -0.981886 -5.33755 -6.76545 -1.02455 3.90347 3.28436 0.557138 -1.77636 -2.6512 3.91994 3.72117 -15.4787 16.447 -215.44 15.0912 -7.57016 -0.851194 7.23626 -6.63589 -4.28324 5.70448 -15.9279 6.82604 -1.09602 -5.12626 -7.94835 6.72765 -14.6551 -6.14257 -6.04695 9.18551 -5.57933 -3.0671 -3.5704 0.599302 -0.532467 2.20785 -7.34714 -3.66955 0.759003 0.855438 -4.12988 0.334962 -3.1514 1.08982 0.535151 3.62523 -1.12353 3.12715 
0.0399977 0.701977 0.911115 -1.13391 -1.73024 -8.04462 -2.30299 -0.154571 -5.34653 0.9809 -19.4811 -3.36162 22.5005 -6.98303 15.0912 241.971 -8.73131 7.75144 2.25616 -4.48379 3.73708 1.99043 2.04498 9.10443 -1.83414 -2.12256 -2.31952 0.618554 10.762 1.21285 -23.0368 -2.85995 3.95115 -1.17722 -8.28805 11.1469 6.47169 -3.17426 -7.0131 3.07845 6.34964 4.60964 0.569809 0.358658 0.798782 -3.79265 -3.18136 6.3965 -0.173663 4.76185 
0.031498 -1.41759 2.62501 1.5859 -1.23524 -21.1316 0.817125 0.0457479 7.14318 -5.73712 4.00363 -6.3762 -13.4729 -1.59337 -7.57016 -8.73131 -226.202 1.5176 -22.725 0.0172052 -4.01557 -1.23579 20.7036 -2.57946 -0.20993 15.6118 0.988805 -8.48728 -4.89925 -4.37165 9.92652 4.94654 4.31601 11.3455 2.5516 0.530422 -4.37498 -0.603089 -8.7032 6.74161 -2.99927 0.809884 -3.37409 -4.19665 -4.20651 2.76066 0.208386 2.28194 -1.01756 -5.91826 
0.0542367 11.2728 4.55734 7.3909 -2.32519 -7.96997 -10.0802 -1.27587 4.10698 1.93779 0.423031 -9.24569 -2.74558 9.58709 -0.851194 7.75144 1.5176 203.395 10.4694 17.7374 -1.45033 -2.26466 23.5791 -0.288681 -12.9245 31.3437 15.1388 11.5165 6.15676 15.1668 -4.63128 -5.22713 5.41421 3.20439 2.25196 9.48221 9.98546 -5.52917 -6.20227 5.85676 1.01577 15.0617 -6.47578 -0.0731153 0.208698 -7.54327 -5.13186 -2.78987 -1.51903 4.22596 
-0.00439536 3.57791 -3.49327 -0.852099 0.445532 6.16374 -2.15043 -0.672864 -13.4524 -2.6821 6.25844 10.0919 8.72073 4.94405 7.23626 2.25616 -22.725 10.4694 -217.56 1.65901 -2.79431 -5.97462 -0.658246 4.48557 12.8334 -4.88251 -7.48558 9.74623 15.6415 -1.00877 0.0588182 -6.51427 -4.49996 -2.26314 -0.502842 -1.89666 -3.54371 4.05918 5.6909 3.38013 -0.613584 -3.03057 0.847908 1.48666 -0.892951 -0.565856 2.59106 4.65978 0.943213 5.81724 
0.0125534 3.92621 -1.48406 1.41917 -0.988088 -1.18241 -1.65781 -0.162675 9.45971 -3.15509 7.65624 -11.2799 -14.8851 -6.57802 -6.63589 -4.48379 0.0172052 17.7374 1.65901 258.601 5.05176 0.373694 2.37915 6.9243 -5.0431 6.86441 4.46186 0.304714 4.56434 4.80323 -2.51013 -5.98139 3.99789 -1.51587 -6.91447 10.802 2.56398 -1.93675 -0.804324 -1.44445 5.22357 7.74084 1.19535 4.38034 0.483146 -6.05661 -0.906243 2.70879 -2.23367 3.51525 
0.0870467 6.55663 0.969861 0.0775376 0.347081 -13.5994 -12.1421 0.71415 -0.692033 -2.83913 0.0927783 -2.42442 -0.614038 -8.67861 -4.28324 3.73708 -4.01557 -1.45033 -2.79431 5.05176 98.5068 3.18228 26.8846 15.0521 -1.21435 0.170142 9.97282 6.13952 2.05565 -12.4625 -9.61376 -6.83339 7.10543 8.22172 18.1165 -3.5534 -8.49747 2.74127 -6.9589 -11.1382 7.10687 -0.952584 9.15754 16.1142 -11.0315 5.72818 -7.74703 1.96332 0.823654 -0.122503 
0.0444649 4.41944 3.21019 3.42278 -1.70703 -11.4882 -5.12924 -0.63992 -6.12417 0.763448 -1.33564 3.54619 2.49143 -5.41057 5.70448 1.99043 -1.23579 -2.26466 -5.97462 0.373694 3.18228 -141.963 15.0496 -7.90843 1.99111 19.0185 3.68814 3.58408 -15.2744 -5.78511 -11.1399 2.8537 13.4334 -1.97918 -8.21439 4.2625 3.11665 -0.66896 -12.2727 -0.326379 3.34851 13.9576 3.20583 -4.14936 -1.38044 1.32019 1.67735 -0.143239 -3.6761 -3.43449 
0.025824 1.42437 0.565616 -0.870207 -1.78401 1.56944 -0.923137 -0.396023 -8.97911 -8.18331 0.890761 4.42959 1.98612 16.3598 -15.9279 2.04498 20.7036 23.5791 -0.658246 2.37915 26.8846 15.0496 -230.413 -0.264817 1.99318 -3.0561 1.69649 -4.23536 3.88652 0.77957 -5.99215 -0.0851959 3.63846 -6.72106 3.1487 0.406191 3.25764 1.29164 -9.5275 -1.43484 3.76675 2.38566 1.19856 -3.27962 0.20181 -0.307267 2.49445 2.60135 2.03016 0.793242 
-0.0246098 0.776112 -0.0757061 -1.99555 0.31656 1.82597 1.09429 0.41905 -0.805588 -6.04544 1.52336 -8.38625 5.37997 0.818823 6.82604 9.10443 -2.57946 -0.288681 4.48557 6.9243 15.0521 -7.90843 -0.264817 -154.291 -7.23437 -11.5658 -4.07036 -1.19439 3.64365 5.01379 3.46685 5.57656 -6.8235 1.93784 1.91746 -9.51183 3.45868 -0.474939 13.9891 5.0701 -6.34806 -10.5321 2.31324 -3.73631 4.96893 -0.925653 0.0523717 -5.70263 0.235188 -1.13916 
-0.00144226 0.0640903 0.411498 0.698103 0.0609665 0.308274 0.222548 -0.182141 -1.04905 5.90051 -2.08728 9.13563 1.13292 0.947528 -1.09602 -1.83414 -0.20993 -12.9245 12.8334 -5.0431 -1.21435 1.99111 1.99318 -7.23437 -157.002 4.0227 3.76077 -2.38385 -3.67827 6.54245 1.71867 1.18848 3.16079 0.458895 -3.05947 3.04352 1.91156 1.78006 1.42167 -0.856082 2.28469 0.33857 -0.801749 1.51935 -0.193897 -4.34309 -0.667821 -4.67014 -1.52961 0.626148 
0.00285346 1.69483 -0.534174 -0.0356221 -1.27664 -0.444019 0.00313519 -0.464829 -2.97996 -5.96268 -0.29035 2.12115 11.6946 0.380101 -5.12626 -2.12256 15.6118 31.3437 -4.88251 6.86441 0.170142 19.0185 -3.0561 -11.5658 4.0227 196.327 0.0219558 11.0266 1.686 -0.95203 0.395404 1.18429 2.71216 2.69623 -3.9054 4.89252 2.27561 -1.35227 -5.75634 3.33753 -4.16328 7.45244 -1.33058 -1.44393 2.28873 -1.83184 -0.251748 4.40381 -4.88014 3.02526 
-0.0116989 0.259156 0.937318 -0.0199968 0.0137159 -0.643624 0.565468 -0.222659 -2.94809 -5.57059 -6.57536 6.07356 9.26472 6.73113 -7.94835 -2.31952 0.988805 15.1388 -7.48558 4.46186 9.97282 3.68814 1.69649 -4.07036 3.76077 0.0219558 137.997 -2.33184 -13.2033 11.9251 1.86628 4.43776 5.97095 -4.12151 -5.84996 5.70851 7.29883 1.02247 0.638577 -5.70621 -0.320472 2.37568 -1.64225 1.53574 -1.42419 -5.73773 -0.491141 -11.8067 -5.40359 1.21491 
0.00911208 1.65362 -0.342322 -1.40314 -0.0993892 -0.12726 -1.66299 -0.156321 5.23121 -3.58879 0.61072 -9.99807 3.72737 2.21377 6.72765 0.618554 -8.48728 11.5165 9.74623 0.304714 6.13952 3.58408 -4.23536 -1.19439 -2.38385 11.0266 -2.33184 -145.612 -5.33225 0.920427 -6.15138 0.532099 -0.0781233 -16.5876 3.30572 -2.07249 -0.900085 -1.438 -12.3224 1.3074 9.52471 -3.93899 1.88488 -3.52823 -3.11616 6.41341 2.32654 -2.75187 -0.260599 -4.86506 
0.00534675 0.922979 -0.476313 0.365324 -0.883807 -0.142656 -0.920458 0.100371 11.4686 -5.26338 2.71911 -4.39645 -4.45721 2.20296 -14.6551 10.762 -4.89925 6.15676 15.6415 4.56434 2.05565 -15.2744 3.88652 3.64365 -3.67827 1.686 -13.2033 -5.33225 181.427 -1.64277 -6.76758 -5.7741 2.48466 -6.685 -9.5976 6.0977 3.29545 4.60817 -0.316155 2.31031 -0.144655 6.37007 -1.39626 -0.985375 2.45998 -3.28605 0.649534 3.22041 -2.27655 2.22928 
-0.016841 -1.45868 -0.148327 -1.82147 1.58836 2.6671 0.497666 0.0234115 1.54365 -2.77076 -4.71324 -6.35231 -11.0373 1.11541 -6.14257 1.21285 -4.37165 15.1668 -1.00877 4.80323 -12.4625 -5.78511 0.77957 5.01379 6.54245 -0.95203 11.9251 0.920427 -1.64277 108.343 13.9442 -0.662942 -12.1057 5.17347 11.5002 -15.9797 -8.39827 -0.832404 6.58311 4.14918 2.01201 -13.0958 1.49343 -7.33241 -2.26427 6.7981 -0.642695 3.83567 8.17913 -0.43337 
-0.00239877 -0.889067 0.238229 0.551596 0.0052226 -0.712877 0.32892 0.0066235 4.83786 0.973276 -2.04977 5.68802 -8.42303 4.71547 -6.04695 -23.0368 9.92652 -4.63128 0.0588182 -2.51013 -9.61376 -11.1399 -5.99215 3.46685 1.71867 0.395404 1.86628 -6.15138 -6.76758 13.9442 -128.776 -0.383147 0.822936 2.07785 -10.0151 4.05019 -1.63957 0.34607 -1.4643 -1.14601 -2.82941 5.54296 -2.60613 -0.98618 -1.47021 -1.18108 0.484848 2.03842 -1.50272 1.30901 
0.0067112 -1.25947 0.550229 0.631995 -0.122418 -0.421085 -0.197858 0.0735058 0.400171 5.24455 1.50021 -6.38796 -12.1713 9.13923 9.18551 -2.85995 4.94654 -5.22713 -6.51427 -5.98139 -6.83339 2.8537 -0.0851959 5.57656 1.18848 1.18429 4.43776 0.532099 -5.7741 -0.662942 -0.383147 -172.193 1.91946 -0.600487 -1.33379 2.89287 -1.3819 3.08136 -3.57185 -4.21018 0.103008 1.8847 0.218854 1.88975 -2.15316 -0.130717 -0.859517 -0.587619 -0.0551313 0.324737 
0.00841549 -0.750184 0.0477176 0.121711 0.0981192 -0.431749 0.9422 -0.00616321 3.13668 0.482296 -1.18294 -3.16826 2.12914 4.00955 -5.57933 3.95115 4.31601 5.41421 -4.49996 3.99789 7.10543 13.4334 3.63846 -6.8235 3.16079 2.71216 5.97095 -0.0781233 2.48466 -12.1057 0.822936 1.91946 -72.3086 11.4524 1.46538 2.59061 -9.7077 -9.70013 5.94906 4.33557 -1.88812 5.52394 -7.50942 -2.19663 -2.93223 14.2554 -0.660113 10.9666 4.10741 3.11374 
0.00344488 -0.892855 0.601067 0.646897 0.211161 -0.853402 0.19521 -0.0986752 1.15275 2.32423 -0.465882 4.6452 4.21781 3.14729 -3.0671 -1.17722 11.3455 3.20439 -2.26314 -1.51587 8.22172 -1.97918 -6.72106 1.93784 0.458895 2.69623 -4.12151 -16.5876 -6.685 5.17347 2.07785 -0.600487 11.4524 -96.804 -0.604789 -0.233835 -1.93385 0.0351235 -4.53594 5.68161 -1.76179 0.408858 2.61844 -5.0381 2.04809 0.565677 2.22688 -2.10463 0.107155 -3.69765 
0.00552241 -0.984128 -0.0659022 -0.227358 0.917236 0.55086 -0.439042 0.184251 -3.61873 -0.0933524 0.420024 5.30429 3.07996 6.39756 -3.5704 -8.28805 2.5516 2.25196 -0.502842 -6.91447 18.1165 -8.21439 3.1487 1.91746 -3.05947 -3.9054 -5.84996 3.30572 -9.5976 11.5002 -10.0151 -1.33379 1.46538 -0.604789 156.465 -13.3568 -6.24117 0.456798 -1.83206 1.43249 1.66428 -10.9229 3.52114 -3.08685 -2.13079 6.73213 5.37212 -3.9136 5.17391 -3.28759 
0.00642724 -0.645198 0.460944 0.102505 0.367947 -0.688314 0.246701 -0.241137 0.205546 -5.94989 -0.695213 -2.82817 -0.101239 -3.27058 0.599302 11.1469 0.530422 9.48221 -1.89666 10.802 -3.5534 4.2625 0.406191 -9.51183 3.04352 4.89252 5.70851 -2.07249 6.0977 -15.9797 4.05019 2.89287 2.59061 -0.233835 -13.3568 -65.1971 -1.54859 -7.20797 -12.6272 4.21718 1.64317 -5.2875 4.77913 -8.91971 0.573265 3.13851 1.00018 -2.06241 0.694307 -6.66762 
-0.00364525 -0.14053 -0.0939051 -0.292258 0.151179 -0.0458604 0.0743574 0.231083 3.52527 3.95378 0.758087 -8.3624 -1.41715 1.75764 -0.532467 6.47169 -4.37498 9.98546 -3.54371 2.56398 -8.49747 3.11665 3.25764 3.45868 1.91156 2.27561 7.29883 -0.900085 3.29545 -8.39827 -1.63957 -1.3819 -9.7077 -1.93385 -6.24117 -1.54859 -55.8887 -0.554393 2.73912 -4.36422 -4.79841 1.95581 3.70875 -0.846382 -2.41332 1.70567 -3.16064 -2.78918 0.263097 -1.78718 
-0.00113479 0.301948 0.149454 -0.364475 -0.0524363 0.0398595 0.260397 -0.155091 -0.755345 -3.60527 -2.44556 6.88771 6.74423 1.10015 2.20785 -3.17426 -0.603089 -5.52917 4.05918 -1.93675 2.74127 -0.66896 1.29164 -0.474939 1.78006 -1.35227 1.02247 -1.438 4.60817 -0.832404 0.34607 3.08136 -9.70013 0.0351235 0.456798 -7.20797 -0.554393 -21.2427 -0.0399475 11.1071 -1.51122 -2.17212 1.28833 -6.28928 2.24872 0.868416 0.593729 -0.60379 -0.907088 -4.0587 
-0.00176571 -0.184438 0.0160767 -0.129275 0.231052 0.0887128 0.123871 -0.0475947 5.04457 0.0301573 -6.92406 3.51466 -14.4404 4.65017 -7.34714 -7.0131 -8.7032 -6.20227 5.6909 -0.804324 -6.9589 -12.2727 -9.5275 13.9891 1.42167 -5.75634 0.638577 -12.3224 -0.316155 6.58311 -1.4643 -3.57185 5.94906 -4.53594 -1.83206 -12.6272 2.73912 -0.0399475 134.672 4.81869 -0.757804 -5.32235 -0.733717 -2.87917 1.15241 -0.277018 1.68581 0.446074 0.131984 -0.875836 
0.00104404 -0.0756218 0.00375482 -0.109152 -0.245898 -0.114909 -0.00888416 0.149895 0.0267024 4.68451 3.51834 -5.81056 -8.9751 1.33899 -3.66955 3.07845 6.74161 5.85676 3.38013 -1.44445 -11.1382 -0.326379 -1.43484 5.0701 -0.856082 3.33753 -5.70621 1.3074 2.31031 4.14918 -1.14601 -4.21018 4.33557 5.68161 1.43249 4.21718 -4.36422 11.1071 4.81869 -17.0354 0.466359 5.39746 -2.32849 4.40755 -5.83594 -0.989794 -3.72401 -2.41583 -3.35005 -3.1806 
-0.0013623 0.274458 -0.235803 -0.358071 0.120263 0.399914 -0.0668629 0.0168845 -5.02472 -4.41165 1.08818 0.827543 2.97235 -2.11937 0.759003 6.34964 -2.99927 1.01577 -0.613584 5.22357 7.10687 3.34851 3.76675 -6.34806 2.28469 -4.16328 -0.320472 9.52471 -0.144655 2.01201 -2.82941 0.103008 -1.88812 -1.76179 1.66428 1.64317 -4.79841 -1.51122 -0.757804 0.466359 133.404 -1.98167 2.44559 -0.753388 0.452797 0.614004 0.719241 -1.86116 -0.210911 -1.0278 
-0.000194611 0.0231481 0.0417921 -0.217746 -0.00966567 0.0173422 -0.00985239 0.0775196 1.7041 -5.03462 -0.453473 -5.57816 0.412279 -1.9895 0.855438 4.60964 0.809884 15.0617 -3.03057 7.74084 -0.952584 13.9576 2.38566 -10.5321 0.33857 7.45244 2.37568 -3.93899 6.37007 -13.0958 5.54296 1.8847 5.52394 0.408858 -10.9229 -5.2875 1.95581 -2.17212 -5.32235 5.39746 -1.98167 -86.0354 1.10333 0.487251 -0.793353 1.08866 -0.819575 -2.46926 -0.871668 -2.0014 
0.00020983 0.273499 -0.221686 -0.151067 -0.162448 0.276637 -0.0860458 0.0828166 -0.451793 -2.6762 -1.67639 4.39185 6.74673 -2.92419 -4.12988 0.569809 -3.37409 -6.47578 0.847908 1.19535 9.15754 3.20583 1.19856 2.31324 -0.801749 -1.33058 -1.64225 1.88488 -1.39626 1.49343 -2.60613 0.218854 -7.50942 2.61844 3.52114 4.77913 3.70875 1.28833 -0.733717 -2.32849 2.44559 1.10333 46.1916 -0.201805 -2.12512 -0.42867 -6.84851 2.43618 0.359976 -1.04815 
-0.00225843 0.644072 -0.316221 -0.0935123 -0.100707 0.110026 0.0309532 0.136652 0.55435 -6.78719 4.74069 2.31804 6.17052 2.47368 0.334962 0.358658 -4.19665 -0.0731153 1.48666 4.38034 16.1142 -4.14936 -3.27962 -3.73631 1.51935 -1.44393 1.53574 -3.52823 -0.985375 -7.33241 -0.98618 1.88975 -2.19663 -5.0381 -3.08685 -8.91971 -0.846382 -6.28928 -2.87917 4.40755 -0.753388 0.487251 -0.201805 74.6603 -1.59267 0.171217 -6.4076 -1.81392 -0.451695 -0.808373 
0.000707277 -0.0803818 0.00858143 0.0621413 0.0348385 -0.144787 -0.0273623 -0.0409786 3.69132 3.16713 -7.87966 -1.83128 -5.58446 -1.13552 -3.1514 0.798782 -4.20651 0.208698 -0.892951 0.483146 -11.0315 -1.38044 0.20181 4.96893 -0.193897 2.28873 -1.42419 -3.11616 2.45998 -2.26427 -1.47021 -2.15316 -2.93223 2.04809 -2.13079 0.573265 -2.41332 2.24872 1.15241 -5.83594 0.452797 -0.793353 -2.12512 -1.59267 69.7918 0.896889 1.2894 2.6754 1.40668 -0.237986 
0.000577139 0.131477 -0.0239523 0.0522815 -0.0435783 -0.0138574 0.00675604 -0.0338501 -2.38043 0.939769 1.00563 2.46529 -0.119489 -3.33439 1.08982 -3.79265 2.76066 -7.54327 -0.565856 -6.05661 5.72818 1.32019 -0.307267 -0.925653 -4.34309 -1.83184 -5.73773 6.41341 -3.28605 6.7981 -1.18108 -0.130717 14.2554 0.565677 6.73213 3.13851 1.70567 0.868416 -0.277018 -0.989794 0.614004 1.08866 -0.42867 0.171217 0.896889 -9.123 1.09019 1.17926 -0.160634 0.0220137 
0.000992045 -0.293795 0.131391 0.105225 0.04052 0.00496478 -0.0184826 0.0124182 1.68083 5.34496 1.48189 -0.477578 -0.432323 1.69905 0.535151 -3.18136 0.208386 -5.13186 2.59106 -0.906243 -7.74703 1.67735 2.49445 0.0523717 -0.667821 -0.251748 -0.491141 2.32654 0.649534 -0.642695 0.484848 -0.859517 -0.660113 2.22688 5.37212 1.00018 -3.16064 0.593729 1.68581 -3.72401 0.719241 -0.819575 -6.84851 -6.4076 1.2894 1.09019 -27.2785 -0.856207 0.0184891 -0.0788884 
0.000197438 0.0693681 0.0142419 -0.281581 -0.0301707 0.139964 -0.0300895 -0.00150691 -1.52009 -1.48568 -0.821696 -0.248607 4.60774 -6.14299 3.62523 6.3965 2.28194 -2.78987 4.65978 2.70879 1.96332 -0.143239 2.60135 -5.70263 -4.67014 4.40381 -11.8067 -2.75187 3.22041 3.83567 2.03842 -0.587619 10.9666 -2.10463 -3.9136 -2.06241 -2.78918 -0.60379 0.446074 -2.41583 -1.86116 -2.46926 2.43618 -1.81392 2.6754 1.17926 -0.856207 99.0068 0.0248572 0.143273 
0.00090394 -0.0823528 0.04358 0.199621 -0.0116859 -0.0284779 0.00904479 0.00135087 -3.96788 0.395566 -2.42026 5.2487 4.23277 -2.40198 -1.12353 -0.173663 -1.01756 -1.51903 0.943213 -2.23367 0.823654 -3.6761 2.03016 0.235188 -1.52961 -4.88014 -5.40359 -0.260599 -2.27655 8.17913 -1.50272 -0.0551313 4.10741 0.107155 5.17391 0.694307 0.263097 -0.907088 0.131984 -3.35005 -0.210911 -0.871668 0.359976 -0.451695 1.40668 -0.160634 0.0184891 0.0248572 20.6499 -0.121755 
-0.00103014 0.304767 -0.148051 -0.349326 0.00627503 0.173577 -0.0237619 0 2.89307 -2.91872 -4.3014 -4.19105 2.69467 1.21081 3.12715 4.76185 -5.91826 4.22596 5.81724 3.51525 -0.122503 -3.43449 0.793242 -1.13916 0.626148 3.02526 1.21491 -4.86506 2.22928 -0.43337 1.30901 0.324737 3.11374 -3.69765 -3.28759 -6.66762 -1.78718 -4.0587 -0.875836 -3.1806 -1.0278 -2.0014 -1.04815 -0.808373 -0.237986 0.0220137 -0.0788884 0.143273 -0.121755 53.6197 
