2552.24 -0.00200247 0.0131332 0.0263682 -0.05133 0.0567074 0.00981151 0.00533131 -0.0158756 -0.00478446 -0.0328037 -0.0221589 0.0567376 -0.019613 -0.00917551 0.0407578 0.0297791 0.0547059 -0.00839895 0.0133784 0.0869069 0.0444128 0.0252468 -0.0248581 -0.000714766 0.00250981 -0.0116065 0.00940729 0.00598948 -0.0164227 -0.00163651 0.00646026 0.00863679 0.00358434 0.00518869 0.00645516 -0.00362979 -0.000892019 -0.00089645 0.000767308 -0.00191163 -6.65395e-05 0.000231067 -0.00276643 0.00163839 0.000364106 0.000968257 0.000220462 0.000943316 -0.000471821 
-0.00200247 -273.314 6.19844 -11.6759 8.09716 -3.90297 12.5273 -4.98863 -3.18598 -5.45208 5.1154 3.86481 1.71396 9.12563 -0.758085 0.459762 -1.09022 11.5225 4.05814 4.26219 6.51645 4.36375 1.34059 0.749835 -0.0256047 1.44717 -0.0109411 1.63866 0.991433 -1.51341 -0.95556 -1.1529 -0.728121 -0.877512 -1.07778 -0.710653 -0.00576326 0.160791 -0.211537 0.0696933 0.107887 -0.0130661 0.175985 0.566876 -0.0704728 0.129614 -0.179188 0.00942591 -0.15943 0.226541 
0.0131332 6.19844 -323.199 5.69637 -2.52626 4.17536 -5.63826 2.49129 -0.751191 2.33715 2.02376 -1.67723 -4.22041 3.87718 -5.24192 0.776109 2.74887 4.49156 -3.28801 -1.416 0.995223 3.19564 0.608912 -0.0470641 0.348936 -0.443257 0.98712 -0.340609 -0.373683 -0.157724 0.213262 0.53738 0.0399121 0.589875 -0.0613988 0.488445 -0.114159 0.164254 0.00229876 -0.0144973 -0.189539 0.0576039 -0.196624 -0.224205 -0.0576039 -0.0232695 0.108987 0.0171227 0.0263989 -0.155771 
0.0263682 -11.6759 5.69637 276.36 -10.6864 4.54391 -5.47427 -6.35458 1.9915 -1.90326 -8.9426 -1.68447 -6.63085 -3.66251 -7.23749 -0.672173 1.01602 7.43234 -1.82919 1.15798 0.0403886 3.47761 -0.949587 -2.05414 0.918322 -0.100404 0.035317 -1.37754 0.178492 -1.74433 0.689694 0.582131 0.141025 0.670292 -0.210465 0.0866261 -0.323861 -0.30057 -0.0260997 -0.17103 -0.397694 -0.219627 -0.145677 -0.26474 0.249978 0.0367277 0.0853509 -0.253525 0.276305 -0.252921 
-0.05133 8.09716 -2.52626 -10.6864 -331.229 -2.26688 -3.42403 2.40389 -2.12601 3.1482 1.46269 2.94002 -2.35149 0.728585 -0.942528 -1.94257 -1.10318 -2.39861 0.587257 -0.814673 0.375975 -1.73489 -1.75272 0.345987 0.00268112 -1.16377 0.0880861 -0.0809484 -0.688664 1.5955 0.00669654 -0.152961 0.0988179 0.202019 0.903056 0.409861 0.124782 -0.0202767 0.256872 -0.285051 0.156357 0.0206372 -0.125686 0.0103432 -0.0151046 -0.0543392 0.00844894 -0.0263877 -0.0383239 0.0226885 
0.0567074 -3.90297 4.17536 4.54391 -2.26688 -263.603 8.09333 2.49115 4.01095 -6.1063 8.14914 -2.48464 -18.3569 4.18364 4.29502 -8.03311 -20.7422 -7.83278 7.14658 -1.37144 -13.6311 -11.4764 1.59926 1.82431 0.174503 -0.665276 -0.917571 -0.221207 -0.478457 2.53769 -0.914796 -0.267408 -0.466094 -0.862453 0.582573 -0.784739 0.0642515 -0.135181 -0.14103 0.0782834 0.370451 -0.0683947 0.168487 0.0340215 -0.272862 0.0428067 0.117794 0.0946241 -0.0503737 -0.0102739 
0.00981151 12.5273 -5.63826 -5.47427 -3.42403 8.09333 -279.952 -2.14166 7.92705 2.60284 -2.97336 -2.38329 -1.70979 -7.90303 3.17921 -1.91686 0.551517 -10.3141 -2.30233 -2.32305 -12.1154 -5.0298 -0.797203 1.1189 0.29386 0.175007 0.751117 -1.707 -1.30828 0.49369 0.300529 -0.242636 0.889755 0.172012 -0.280264 0.262605 -0.0388872 0.340499 0.0109233 -0.0806036 0.136183 -0.0240552 -0.0295622 0.0445853 -0.0966673 0.0486995 -0.09818 0.0257634 0.117269 -0.0318421 
0.00533131 -4.98863 2.49129 -6.35458 2.40389 2.49115 -2.14166 -362.867 -0.322789 -0.371952 -0.533426 0.618261 1.66407 -1.16042 0.523295 -0.1395 0.0118328 -1.25682 -0.745478 -0.142178 0.708764 -0.641826 -0.41128 0.412221 -0.168571 -0.483746 -0.231876 -0.151819 0.107496 0.0295178 0.0191134 0.0731114 -0.00128739 -0.0951947 0.175499 -0.244161 0.236424 -0.155808 -0.0326594 0.150285 0.000133305 0.0778256 0.0790142 0.120541 -0.0208903 -0.0376182 0.0165786 -0.00299826 0.00078726 0.00781659 
-0.0158756 -3.18598 -0.751191 1.9915 -2.12601 4.01095 7.92705 -0.322789 379.548 -0.0209962 -0.6026 -2.32764 -3.3152 -0.206114 -2.14938 0.122782 -0.449179 1.08622 1.27481 0.227026 -1.30326 -1.3371 -0.173445 0.737861 -0.060142 0.407803 -0.277673 -1.05191 0.208608 -0.38787 0.25963 -0.0567563 -0.0508919 -0.0767251 -0.331023 -0.424555 0.0947467 0.000685827 -0.00606334 -0.0291804 -0.0102693 -0.0164153 -0.0670188 -0.0456603 -0.0173048 -0.000476873 -0.000132675 0.00311156 0.00316329 0.00826233 
-0.00478446 -5.45208 2.33715 -1.90326 3.1482 -6.1063 2.60284 -0.371952 -0.0209962 323.013 4.66221 -0.956824 -1.12762 -0.186132 1.5469 -0.290625 0.080405 -2.52221 0.491442 -1.15206 -2.37117 -0.622806 0.0427527 1.18713 -0.420967 0.202442 0.290184 0.0296882 -0.0103361 0.119497 -0.0481363 -0.24145 0.0819343 0.301368 0.259074 0.439718 -0.0451335 0.427731 0.192741 -0.197611 0.0630629 -0.0337127 -0.143892 -0.0382649 -0.0938822 0.0253019 0.0262084 -0.0168381 -0.0301228 -0.0649171 
-0.0328037 5.1154 2.02376 -8.9426 1.46269 8.14914 -2.97336 -0.533426 -0.6026 4.66221 -287.973 0.155763 1.48367 -1.47645 -0.0987324 -0.212291 2.03069 -1.71761 0.250679 -0.0965936 -0.72461 -0.410713 -0.163086 0.0801355 0.176534 0.0284323 0.14045 -0.530438 0.00241894 0.362876 0.0443755 -0.0258641 0.0622919 -0.0718615 -0.123363 -0.30967 0.0556247 -0.0536467 -0.0172115 -0.231304 -0.00301262 -0.059665 -0.00977921 -0.027293 0.00878227 -0.00196384 -0.00386853 0.00233493 -0.000902558 0 
-0.0221589 3.86481 -1.67723 -1.68447 2.94002 -2.48464 -2.38329 0.618261 -2.32764 -0.956824 0.155763 303.741 -0.0102402 0.00407029 0.0509915 0 -9.02125 -9.41623 10.1387 -13.2917 -2.56959 4.47337 2.26809 -9.06592 10.3389 1.75263 5.43615 -10.5986 -6.55775 -7.55064 4.58064 -6.4827 -3.10249 5.13556 5.1572 -3.84714 -7.60565 6.46487 2.0806 -5.48004 0.364111 -6.44427 4.39878 0.84482 -1.2884 2.8165 0.455302 0.222198 5.91819 -4.50294 
0.0567376 1.71396 -4.22041 -6.63085 -2.35149 -18.3569 -1.70979 1.66407 -3.3152 -1.12762 1.48367 -0.0102402 231.383 1.32024 -15.7164 22.8723 -12.8039 -2.05776 8.08398 -13.89 -0.387174 2.19791 1.72314 6.06943 0.338131 11.5556 8.86847 4.5228 -3.96072 -10.4261 -8.83069 -11.703 2.38706 3.82712 2.60914 0.192922 -0.789246 6.23389 -14.5528 -8.56917 2.87168 0.909288 6.41694 5.98805 -5.34351 -0.345638 -0.442261 4.61881 3.80053 3.09323 
-0.019613 9.12563 3.87718 -3.66251 0.728585 4.18364 -7.90303 -1.16042 -0.206114 -0.186132 -1.47645 0.00407029 1.32024 250.039 16.4734 -7.32082 -1.91373 9.24664 5.04944 -6.94216 -8.84883 -5.35549 16.2071 0.326035 1.47592 0.347239 6.81536 1.82018 2.16996 0.714726 5.07055 8.88201 3.93185 3.4452 6.56695 -3.5083 1.50662 1.35476 4.81077 1.13816 -2.25469 -2.30229 -2.75832 2.52977 -1.16246 -3.24269 1.81693 -6.19175 -2.23196 1.00416 
-0.00917551 -0.758085 -5.24192 -7.23749 -0.942528 4.29502 3.17921 0.523295 -2.14938 1.5469 -0.0987324 0.0509915 -15.7164 16.4734 -215.291 14.0616 -7.3165 -0.807008 7.51604 -6.13039 -4.2831 5.59841 -15.9723 6.86689 -1.18823 -5.15699 -8.30221 6.76621 -14.3804 -6.37567 -6.11434 9.2577 -5.60694 -3.07166 -3.58985 0.552991 -0.457726 2.07188 -7.64166 -3.48261 0.76144 0.83239 -4.2084 0.578258 -3.5077 1.12155 0.636306 3.57108 -1.277 2.92892 
0.0407578 0.459762 0.776109 -0.672173 -1.94257 -8.03311 -1.91686 -0.1395 0.122782 -0.290625 -0.212291 0 22.8723 -7.32082 14.0616 242.486 -8.4666 7.81708 1.63373 -4.33715 3.75356 1.79446 1.81822 9.13036 -1.91733 -2.10326 -2.06999 0.870458 11.1727 1.4846 -22.7531 -3.00393 4.08125 -1.16312 -8.42416 11.2888 6.4623 -3.00987 -6.54844 2.81989 6.20297 4.78734 0.670882 0.34744 1.16552 -3.92999 -3.28451 6.39531 -0.237056 5.08884 
0.0297791 -1.09022 2.74887 1.01602 -1.10318 -20.7422 0.551517 0.0118328 -0.449179 0.080405 2.03069 -9.02125 -12.8039 -1.91373 -7.3165 -8.4666 -226.11 1.51698 -22.053 0.320074 -3.97962 -1.24398 20.8277 -2.50378 -0.323989 15.5662 0.568838 -8.55679 -4.83433 -4.69076 9.6433 5.03956 4.22913 11.3063 2.59553 0.461762 -4.29297 -0.807875 -9.19586 7.01387 -2.89098 0.72726 -3.47133 -3.944 -4.70802 2.842 0.319759 2.24063 -1.11876 -6.23622 
0.0547059 11.5225 4.49156 7.43234 -2.39861 -7.83278 -10.3141 -1.25682 1.08622 -2.52221 -1.71761 -9.41623 -2.05776 9.24664 -0.807008 7.81708 1.51698 203.198 10.7991 17.5313 -1.36653 -2.14047 24.0342 -0.132239 -12.99 31.549 15.3653 11.4709 5.98954 15.1772 -4.69306 -5.42298 5.32288 3.1463 2.35602 9.61846 9.7508 -5.36348 -6.26624 5.6772 1.21527 15.1334 -6.3734 0.0752909 0.0761891 -7.50945 -5.3158 -2.71868 -1.40969 4.24126 
-0.00839895 4.05814 -3.28801 -1.82919 0.587257 7.14658 -2.30233 -0.745478 1.27481 0.491442 0.250679 10.1387 8.08398 5.04944 7.51604 1.63373 -22.053 10.7991 -217.031 2.64203 -2.73628 -6.19777 -0.860342 4.53396 12.582 -5.00852 -8.18661 9.81804 16.1406 -1.49003 -0.181855 -6.40926 -4.53126 -2.29359 -0.520086 -1.98075 -3.31103 3.72788 5.01949 3.74379 -0.55807 -3.07904 0.705503 1.99246 -1.63166 -0.511403 2.79489 4.50376 0.644289 5.35528 
0.0133784 4.26219 -1.416 1.15798 -0.814673 -1.37144 -2.32305 -0.142178 0.227026 -1.15206 -0.0965936 -13.2917 -13.89 -6.94216 -6.13039 -4.33715 0.320074 17.5313 2.64203 257.964 5.1131 0.813595 3.05211 7.06082 -4.99552 6.98334 4.54621 -0.0472851 3.76323 4.63285 -3.00018 -5.95266 3.74547 -1.64751 -6.6535 10.7745 2.3414 -1.93167 -1.28039 -1.37727 5.62041 7.59062 1.19437 4.37053 0.123128 -5.86348 -1.01011 2.81741 -1.96987 3.26224 
0.0869069 6.51645 0.995223 0.0403886 0.375975 -13.6311 -12.1154 0.708764 -1.30326 -2.37117 -0.72461 -2.56959 -0.387174 -8.84883 -4.2831 3.75356 -3.97962 -1.36653 -2.73628 5.1131 98.4897 3.17213 26.7893 15.0088 -1.18522 0.0917679 9.87484 6.13775 2.04179 -12.4734 -9.61045 -6.76728 7.12917 8.23912 18.0801 -3.60514 -8.41104 2.6685 -6.95311 -11.059 7.00885 -0.982477 9.09715 16.0056 -10.9515 5.71663 -7.66094 1.92939 0.79255 -0.139051 
0.0444128 4.36375 3.19564 3.47761 -1.73489 -11.4764 -5.0298 -0.641826 -1.3371 -0.622806 -0.410713 4.47337 2.19791 -5.35549 5.59841 1.79446 -1.24398 -2.14047 -6.19777 0.813595 3.17213 -142.024 14.9499 -7.92833 1.99008 18.9774 3.64896 3.63524 -15.1425 -5.74609 -11.0503 2.85014 13.4826 -1.95392 -8.28054 4.26644 3.16371 -0.674509 -12.1628 -0.336074 3.24804 13.9843 3.19571 -4.17926 -1.28103 1.2786 1.70418 -0.163216 -3.72291 -3.37614 
0.0252468 1.34059 0.608912 -0.949587 -1.75272 1.59926 -0.797203 -0.41128 -0.173445 0.0427527 -0.163086 2.26809 1.72314 16.2071 -15.9723 1.81822 20.8277 24.0342 -0.860342 3.05211 26.7893 14.9499 -230.66 -0.339255 1.99672 -3.15832 1.53173 -4.19434 3.99442 0.758189 -5.95011 0.0126186 3.69673 -6.68454 3.07915 0.341991 3.40913 1.1777 -9.52416 -1.32499 3.63986 2.3648 1.12577 -3.34416 0.255103 -0.33806 2.6027 2.54624 1.94633 0.767569 
-0.0248581 0.749835 -0.0470641 -2.05414 0.345987 1.82431 1.1189 0.412221 0.737861 1.18713 0.0801355 -9.06592 6.06943 0.326035 6.86689 9.13036 -2.50378 -0.132239 4.53396 7.06082 15.0088 -7.92833 -0.339255 -154.325 -7.2239 -11.6064 -4.13501 -1.1941 3.64508 4.99278 3.45703 5.62705 -6.81155 1.94742 1.90647 -9.54386 3.51259 -0.523322 13.9517 5.1239 -6.35692 -10.5513 2.28871 -3.74602 4.94673 -0.922499 0.0857861 -5.71649 0.217771 -1.17211 
-0.000714766 -0.0256047 0.348936 0.918322 0.00268112 0.174503 0.29386 -0.168571 -0.060142 -0.420967 0.176534 10.3389 0.338131 1.47592 -1.18823 -1.91733 -0.323989 -12.99 12.582 -4.99552 -1.18522 1.99008 1.99672 -7.2239 -156.96 4.05048 3.90446 -2.35102 -3.66473 6.64952 1.80814 1.12862 3.17486 0.466913 -3.0691 3.07837 1.85394 1.86991 1.59757 -0.952133 2.25737 0.367395 -0.757791 1.45384 -0.0392163 -4.36914 -0.714202 -4.63697 -1.48848 0.747204 
0.00250981 1.44717 -0.443257 -0.100404 -1.16377 -0.665276 0.175007 -0.483746 0.407803 0.202442 0.0284323 1.75263 11.5556 0.347239 -5.15699 -2.10326 15.5662 31.549 -5.00852 6.98334 0.0917679 18.9774 -3.15832 -11.6064 4.05048 196.1 -0.253312 11.0148 1.60961 -0.955381 0.409191 1.43889 2.79378 2.75837 -3.99793 4.71045 2.55784 -1.57978 -5.74515 3.58331 -4.37355 7.34136 -1.4895 -1.73212 2.46733 -1.85281 -0.0351163 4.32948 -4.93968 2.97471 
-0.0116065 -0.0109411 0.98712 0.035317 0.0880861 -0.917571 0.751117 -0.231876 -0.277673 0.290184 0.14045 5.43615 8.86847 6.81536 -8.30221 -2.06999 0.568838 15.3653 -8.18661 4.54621 9.87484 3.64896 1.53173 -4.13501 3.90446 -0.253312 137.829 -2.33395 -13.2365 11.9739 1.92587 4.62712 6.04641 -4.06141 -5.93794 5.56104 7.51199 0.871265 0.752548 -5.53777 -0.521324 2.28683 -1.75733 1.25149 -1.18338 -5.76657 -0.320747 -11.8506 -5.43146 1.234 
0.00940729 1.63866 -0.340609 -1.37754 -0.0809484 -0.221207 -1.707 -0.151819 -1.05191 0.0296882 -0.530438 -10.5986 4.5228 1.82018 6.76621 0.870458 -8.55679 11.4709 9.81804 -0.0472851 6.13775 3.63524 -4.19434 -1.1941 -2.35102 11.0148 -2.33395 -145.649 -5.43229 0.929081 -6.18252 0.545533 -0.0950963 -16.5933 3.32211 -2.08745 -0.914483 -1.43158 -12.3125 1.30809 9.52698 -3.95739 1.88121 -3.58535 -3.07636 6.42225 2.32427 -2.73693 -0.227249 -4.85036 
0.00598948 0.991433 -0.373683 0.178492 -0.688664 -0.478457 -1.30828 0.107496 0.208608 -0.0103361 0.00241894 -6.55775 -3.96072 2.16996 -14.3804 11.1727 -4.83433 5.98954 16.1406 3.76323 2.04179 -15.1425 3.99442 3.64508 -3.66473 1.60961 -13.2365 -5.43229 180.754 -1.76111 -7.10581 -5.5853 2.34095 -6.72683 -9.42409 5.94059 3.2707 4.49704 -0.633792 2.48563 0.0214779 6.17519 -1.476 -1.19083 2.32285 -3.13793 0.687738 3.26356 -2.08778 2.02634 
-0.0164227 -1.51341 -0.157724 -1.74433 1.5955 2.53769 0.49369 0.0295178 -0.38787 0.119497 0.362876 -7.55064 -10.4261 0.714726 -6.37567 1.4846 -4.69076 15.1772 -1.49003 4.63285 -12.4734 -5.74609 0.758189 4.99278 6.64952 -0.955381 11.9739 0.929081 -1.76111 108.376 13.9393 -0.64493 -12.1145 5.17739 11.5137 -15.9982 -8.40749 -0.824165 6.6255 4.14771 2.00502 -13.1155 1.49319 -7.40427 -2.20067 6.80365 -0.645752 3.8538 8.21558 -0.404628 
-0.00163651 -0.95556 0.213262 0.689694 0.00669654 -0.914796 0.300529 0.0191134 0.25963 -0.0481363 0.0443755 4.58064 -8.83069 5.07055 -6.11434 -22.7531 9.6433 -4.69306 -0.181855 -3.00018 -9.61045 -11.0503 -5.95011 3.45703 1.80814 0.409191 1.92587 -6.18252 -7.10581 13.9393 -128.786 -0.381655 0.802784 2.07662 -9.97738 4.03974 -1.68883 0.390041 -1.39758 -1.18059 -2.81083 5.51959 -2.58872 -1.09208 -1.37231 -1.16666 0.455945 2.07894 -1.42186 1.36144 
0.00646026 -1.1529 0.53738 0.582131 -0.152961 -0.267408 -0.242636 0.0731114 -0.0567563 -0.24145 -0.0258641 -6.4827 -11.703 8.88201 9.2577 -3.00393 5.03956 -5.42298 -6.40926 -5.95266 -6.76728 2.85014 0.0126186 5.62705 1.12862 1.43889 4.62712 0.545533 -5.5853 -0.64493 -0.381655 -172.263 1.90478 -0.621101 -1.32327 2.95218 -1.43916 3.12433 -3.61759 -4.26181 0.15776 1.92669 0.252796 2.01675 -2.25413 -0.13064 -0.906986 -0.587718 -0.0745054 0.309951 
0.00863679 -0.728121 0.0399121 0.141025 0.0988179 -0.466094 0.889755 -0.00128739 -0.0508919 0.0819343 0.0622919 -3.10249 2.38706 3.93185 -5.60694 4.08125 4.22913 5.32288 -4.53126 3.74547 7.12917 13.4826 3.69673 -6.81155 3.17486 2.79378 6.04641 -0.0950963 2.34095 -12.1145 0.802784 1.90478 -72.3309 11.441 1.49581 2.59986 -9.74767 -9.67499 5.93614 4.31198 -1.84471 5.51938 -7.49124 -2.19009 -2.94998 14.2696 -0.69139 10.9842 4.14036 3.11589 
0.00358434 -0.877512 0.589875 0.670292 0.202019 -0.862453 0.172012 -0.0951947 -0.0767251 0.301368 -0.0718615 5.13556 3.82712 3.4452 -3.07166 -1.16312 11.3063 3.1463 -2.29359 -1.64751 8.23912 -1.95392 -6.68454 1.94742 0.466913 2.75837 -4.06141 -16.5933 -6.72683 5.17739 2.07662 -0.621101 11.441 -96.8116 -0.590347 -0.218213 -1.9656 0.0618323 -4.52931 5.65259 -1.73787 0.41702 2.6371 -5.02307 2.04158 0.568751 2.19866 -2.09182 0.12417 -3.68382 
0.00518869 -1.07778 -0.0613988 -0.210465 0.903056 0.582573 -0.280264 0.175499 -0.331023 0.259074 -0.123363 5.1572 2.60914 6.56695 -3.58985 -8.42416 2.59553 2.35602 -0.520086 -6.6535 18.0801 -8.28054 3.07915 1.90647 -3.0691 -3.99793 -5.93794 3.32211 -9.42409 11.5137 -9.97738 -1.32327 1.49581 -0.590347 156.386 -13.3725 -6.14481 0.409102 -1.74579 1.47161 1.54839 -10.9032 3.48817 -3.11783 -2.04172 6.68656 5.43347 -3.94403 5.09972 -3.24949 
0.00645516 -0.710653 0.488445 0.0866261 0.409861 -0.784739 0.262605 -0.244161 -0.424555 0.439718 -0.30967 -3.84714 0.192922 -3.5083 0.552991 11.2888 0.461762 9.61846 -1.98075 10.7745 -3.60514 4.26644 0.341991 -9.54386 3.07837 4.71045 5.56104 -2.08745 5.94059 -15.9982 4.03974 2.95218 2.59986 -0.218213 -13.3725 -65.2574 -1.48574 -7.26852 -12.6299 4.28228 1.59762 -5.32923 4.73809 -9.01121 0.623219 3.14281 1.05084 -2.07142 0.698891 -6.67955 
-0.00362979 -0.00576326 -0.114159 -0.323861 0.124782 0.0642515 -0.0388872 0.236424 0.0947467 -0.0451335 0.0556247 -7.60565 -0.789246 1.50662 -0.457726 6.4623 -4.29297 9.7508 -3.31103 2.3414 -8.41104 3.16371 3.40913 3.51259 1.85394 2.55784 7.51199 -0.914483 3.2707 -8.40749 -1.68883 -1.43916 -9.74767 -1.9656 -6.14481 -1.48574 -55.997 -0.481437 2.66977 -4.44042 -4.6858 1.98558 3.76469 -0.716111 -2.54052 1.72742 -3.24208 -2.76902 0.288109 -1.80708 
-0.000892019 0.160791 0.164254 -0.30057 -0.0202767 -0.135181 0.340499 -0.155808 0.000685827 0.427731 -0.0536467 6.46487 6.23389 1.35476 2.07188 -3.00987 -0.807875 -5.36348 3.72788 -1.93167 2.6685 -0.674509 1.1777 -0.523322 1.86991 -1.57978 0.871265 -1.43158 4.49704 -0.824165 0.390041 3.12433 -9.67499 0.0618323 0.409102 -7.26852 -0.481437 -21.2996 0.0326256 11.1683 -1.59723 -2.21342 1.24388 -6.43905 2.38106 0.859108 0.655501 -0.608014 -0.896801 -4.03038 
-0.00089645 -0.211537 0.00229876 -0.0260997 0.256872 -0.14103 0.0109233 -0.0326594 -0.00606334 0.192741 -0.0172115 2.0806 -14.5528 4.81077 -7.64166 -6.54844 -9.19586 -6.26624 5.01949 -1.28039 -6.95311 -12.1628 -9.52416 13.9517 1.59757 -5.74515 0.752548 -12.3125 -0.633792 6.6255 -1.39758 -3.61759 5.93614 -4.52931 -1.74579 -12.6299 2.66977 0.0326256 134.679 4.78584 -0.689543 -5.37045 -0.711525 -2.98039 1.20245 -0.237239 1.64267 0.49353 0.246816 -0.853946 
0.000767308 0.0696933 -0.0144973 -0.17103 -0.285051 0.0782834 -0.0806036 0.150285 -0.0291804 -0.197611 -0.231304 -5.48004 -8.56917 1.13816 -3.48261 2.81989 7.01387 5.6772 3.74379 -1.37727 -11.059 -0.336074 -1.32499 5.1239 -0.952133 3.58331 -5.53777 1.30809 2.48563 4.14771 -1.18059 -4.26181 4.31198 5.65259 1.47161 4.28228 -4.44042 11.1683 4.78584 -17.1029 0.554688 5.44586 -2.27632 4.57235 -5.96926 -0.98504 -3.79168 -2.41056 -3.36474 -3.20002 
-0.00191163 0.107887 -0.189539 -0.397694 0.156357 0.370451 0.136183 0.000133305 -0.0102693 0.0630629 -0.00301262 0.364111 2.87168 -2.25469 0.76144 6.20297 -2.89098 1.21527 -0.55807 5.62041 7.00885 3.24804 3.63986 -6.35692 2.25737 -4.37355 -0.521324 9.52698 0.0214779 2.00502 -2.81083 0.15776 -1.84471 -1.73787 1.54839 1.59762 -4.6858 -1.59723 -0.689543 0.554688 133.217 -2.00625 2.34521 -0.877476 0.576251 0.569964 0.862729 -1.91854 -0.306602 -1.03241 
-6.65395e-05 -0.0130661 0.0576039 -0.219627 0.0206372 -0.0683947 -0.0240552 0.0778256 -0.0164153 -0.0337127 -0.059665 -6.44427 0.909288 -2.30229 0.83239 4.78734 0.72726 15.1334 -3.07904 7.59062 -0.982477 13.9843 2.3648 -10.5513 0.367395 7.34136 2.28683 -3.95739 6.17519 -13.1155 5.51959 1.92669 5.51938 0.41702 -10.9032 -5.32923 1.98558 -2.21342 -5.37045 5.44586 -2.00625 -86.0684 1.07965 0.420805 -0.767003 1.10068 -0.793555 -2.46956 -0.850922 -2.01515 
0.000231067 0.175985 -0.196624 -0.145677 -0.125686 0.168487 -0.0295622 0.0790142 -0.0670188 -0.143892 -0.00977921 4.39878 6.41694 -2.75832 -4.2084 0.670882 -3.47133 -6.3734 0.705503 1.19437 9.09715 3.19571 1.12577 2.28871 -0.757791 -1.4895 -1.75733 1.88121 -1.476 1.49319 -2.58872 0.252796 -7.49124 2.6371 3.48817 4.73809 3.76469 1.24388 -0.711525 -2.27632 2.34521 1.07965 46.1399 -0.31263 -2.04531 -0.433302 -6.78028 2.42048 0.353322 -1.05269 
-0.00276643 0.566876 -0.224205 -0.26474 0.0103432 0.0340215 0.0445853 0.120541 -0.0456603 -0.0382649 -0.027293 0.84482 5.98805 2.52977 0.578258 0.34744 -3.944 0.0752909 1.99246 4.37053 16.0056 -4.17926 -3.34416 -3.74602 1.45384 -1.73212 1.25149 -3.58535 -1.19083 -7.40427 -1.09208 2.01675 -2.19009 -5.02307 -3.11783 -9.01121 -0.716111 -6.43905 -2.98039 4.57235 -0.877476 0.420805 -0.31263 74.5266 -1.5958 0.193157 -6.25676 -1.86457 -0.483726 -0.921364 
0.00163839 -0.0704728 -0.0576039 0.249978 -0.0151046 -0.272862 -0.0966673 -0.0208903 -0.0173048 -0.0938822 0.00878227 -1.2884 -5.34351 -1.16246 -3.5077 1.16552 -4.70802 0.0761891 -1.63166 0.123128 -10.9515 -1.28103 0.255103 4.94673 -0.0392163 2.46733 -1.18338 -3.07636 2.32285 -2.20067 -1.37231 -2.25413 -2.94998 2.04158 -2.04172 0.623219 -2.54052 2.38106 1.20245 -5.96926 0.576251 -0.767003 -2.04531 -1.5958 69.849 0.90659 1.17483 2.734 1.50128 -0.148214 
0.000364106 0.129614 -0.0232695 0.0367277 -0.0543392 0.0428067 0.0486995 -0.0376182 -0.000476873 0.0253019 -0.00196384 2.8165 -0.345638 -3.24269 1.12155 -3.92999 2.842 -7.50945 -0.511403 -5.86348 5.71663 1.2786 -0.33806 -0.922499 -4.36914 -1.85281 -5.76657 6.42225 -3.13793 6.80365 -1.16666 -0.13064 14.2696 0.568751 6.68656 3.14281 1.72742 0.859108 -0.237239 -0.98504 0.569964 1.10068 -0.433302 0.193157 0.90659 -9.13735 1.10131 1.16809 -0.192575 0.0249705 
0.000968257 -0.179188 0.108987 0.0853509 0.00844894 0.117794 -0.09818 0.0165786 -0.000132675 0.0262084 -0.00386853 0.455302 -0.442261 1.81693 0.636306 -3.28451 0.319759 -5.3158 2.79489 -1.01011 -7.66094 1.70418 2.6027 0.0857861 -0.714202 -0.0351163 -0.320747 2.32427 0.687738 -0.645752 0.455945 -0.906986 -0.69139 2.19866 5.43347 1.05084 -3.24208 0.655501 1.64267 -3.79168 0.862729 -0.793555 -6.78028 -6.25676 1.17483 1.10131 -27.3537 -0.840431 0.0304521 -0.0858681 
0.000220462 0.00942591 0.0171227 -0.253525 -0.0263877 0.0946241 0.0257634 -0.00299826 0.00311156 -0.0168381 0.00233493 0.222198 4.61881 -6.19175 3.57108 6.39531 2.24063 -2.71868 4.50376 2.81741 1.92939 -0.163216 2.54624 -5.71649 -4.63697 4.32948 -11.8506 -2.73693 3.26356 3.8538 2.07894 -0.587718 10.9842 -2.09182 -3.94403 -2.07142 -2.76902 -0.608014 0.49353 -2.41056 -1.91854 -2.46956 2.42048 -1.86457 2.734 1.16809 -0.840431 99.0002 0.0137954 0.161164 
0.000943316 -0.15943 0.0263989 0.276305 -0.0383239 -0.0503737 0.117269 0.00078726 0.00316329 -0.0301228 -0.000902558 5.91819 3.80053 -2.23196 -1.277 -0.237056 -1.11876 -1.40969 0.644289 -1.96987 0.79255 -3.72291 1.94633 0.217771 -1.48848 -4.93968 -5.43146 -0.227249 -2.08778 8.21558 -1.42186 -0.0745054 4.14036 0.12417 5.09972 0.698891 0.288109 -0.896801 0.246816 -3.36474 -0.306602 -0.850922 0.353322 -0.483726 1.50128 -0.192575 0.0304521 0.0137954 20.622 -0.0648199 
-0.000471821 0.226541 -0.155771 -0.252921 0.0226885 -0.0102739 -0.0318421 0.00781659 0.00826233 -0.0649171 0 -4.50294 3.09323 1.00416 2.92892 5.08884 -6.23622 4.24126 5.35528 3.26224 -0.139051 -3.37614 0.767569 -1.17211 0.747204 2.97471 1.234 -4.85036 2.02634 -0.404628 1.36144 0.309951 3.11589 -3.68382 -3.24949 -6.67955 -1.80708 -4.03038 -0.853946 -3.20002 -1.03241 -2.01515 -1.05269 -0.921364 -0.148214 0.0249705 -0.0858681 0.161164 -0.0648199 53.6537 
