2552.24 -0.00200247 0.0131332 0.0263682 -0.05133 0.0567074 0.00981151 0.00533131 -0.0158756 -0.00478446 -0.0328037 -0.0308486 -0.00198939 0.0160956 -0.0241035 0.069162 0.0223521 0.0534214 0.0071919 -0.00563121 0.0870296 0.0447322 0.0139215 -0.0314307 -0.00413494 -0.00150339 -0.0121526 0.00184086 0.00219069 -0.0181333 -0.000985733 0.00622333 0.00795242 0.00385315 0.00652091 0.00539979 -0.00468312 -0.000182765 5.46967e-05 0.00018881 -0.00251611 -0.00116825 0.000861013 -0.00312614 0.00156405 0.00129321 0.00118458 0.000216656 0.00178971 -0.00153815 
-0.00200247 -273.314 6.19844 -11.6759 8.09716 -3.90297 12.5273 -4.98863 -3.18598 -5.45208 5.1154 1.36173 -2.95716 12.2265 0.949484 -2.31971 -1.22354 9.03683 3.04085 -1.13486 6.8494 4.45455 1.68448 0.974647 0.36132 -1.23448 -1.25701 1.84664 -0.371814 -2.07406 -0.743642 -1.15058 -0.994307 -0.971836 -0.90569 -1.0685 -0.268915 0.192408 0.0102386 -0.0302215 -0.157402 -0.28203 0.317421 0.377627 -0.0645556 0.515933 -0.115715 0.107115 -0.0221535 -0.0831431 
0.0131332 6.19844 -323.199 5.69637 -2.52626 4.17536 -5.63826 2.49129 -0.751191 2.33715 2.02376 -1.61464 -5.12317 1.81453 -5.75657 -3.25521 -0.191154 1.84837 1.48572 -1.70206 1.09773 3.22533 -2.40781 -1.47581 -0.737644 -1.27449 1.16505 -2.1544 -2.08877 -0.688891 0.369296 0.466319 -0.0366433 0.635609 0.344067 0.280853 -0.322065 0.329959 -0.128601 -0.273805 -0.236717 -0.133404 0.0491502 -0.0659212 -0.200762 0.128571 0.180853 0.00941139 0.15424 -0.295631 
0.0263682 -11.6759 5.69637 276.36 -10.6864 4.54391 -5.47427 -6.35458 1.9915 -1.90326 -8.9426 -2.38803 -5.91327 -2.79344 -4.19349 -2.6445 -2.70527 5.79839 3.14475 4.73561 0.00639582 3.49386 -3.45204 -3.14872 0.124363 -0.16949 0.674714 -2.74503 -1.62104 -2.31929 0.811243 0.484934 0.154005 0.769757 0.268995 -0.0412545 -0.49093 -0.0910066 -0.316395 -0.48551 -0.344573 -0.359749 0.130935 0.0410741 0.0480826 0.0749074 0.156456 -0.305084 0.385961 -0.304224 
-0.05133 8.09716 -2.52626 -10.6864 -331.229 -2.26688 -3.42403 2.40389 -2.12601 3.1482 1.46269 3.25976 0.429 -0.968996 0.662751 -3.00453 -1.40621 -2.02933 0.667606 0.524744 0.411873 -1.77111 -1.51847 0.59272 0.036672 -0.871426 0.113356 0.200634 -0.286685 1.80817 -0.0558666 -0.124664 0.155636 0.166965 0.75034 0.50904 0.229121 -0.10217 0.188749 -0.212406 0.20293 0.128293 -0.19967 0.0205471 0.00427422 -0.134012 -0.0147277 -0.0192572 -0.123562 0.119829 
0.0567074 -3.90297 4.17536 4.54391 -2.26688 -263.603 8.09333 2.49115 4.01095 -6.1063 8.14914 -0.797667 -5.27608 -4.06415 11.332 -17.7643 -16.5688 -10.6157 -3.20938 2.83853 -13.8752 -11.4005 7.53093 4.59172 2.62598 -0.680489 -0.684697 3.0294 -1.7822 1.87237 -0.842922 -0.348094 -0.406328 -0.776378 0.961207 -0.832935 -0.0257284 0.0246471 -0.473161 -0.182902 0.4647 -0.131227 0.38953 0.348697 -0.458471 0.0117409 0.170153 0.041288 0.00306953 0.01083 
0.00981151 12.5273 -5.63826 -5.47427 -3.42403 8.09333 -279.952 -2.14166 7.92705 2.60284 -2.97336 -0.50775 3.7149 -9.60688 0.881843 0.746545 1.93511 -7.70406 -3.31543 2.26211 -12.407 -5.10612 -0.0703966 1.36035 0.268673 2.43196 1.64224 -1.38375 0.172465 1.07089 0.0955404 -0.222581 1.11099 0.227643 -0.528757 0.589089 0.21747 0.268349 -0.11666 0.0698491 0.347404 0.232387 -0.20701 0.138528 -0.0584613 -0.283299 -0.166751 -0.0443087 -0.0230707 0.239905 
0.00533131 -4.98863 2.49129 -6.35458 2.40389 2.49115 -2.14166 -362.867 -0.322789 -0.371952 -0.533426 0.69374 1.63785 -0.903147 0.0228833 1.27554 0.304857 -0.353505 -0.890335 -0.0118888 0.695517 -0.663842 -0.350109 0.438339 -0.223469 -0.123537 -0.198206 -0.10346 0.677396 0.248837 -0.0374811 0.0965397 0.032265 -0.109347 0.038003 -0.165636 0.313175 -0.212515 -0.00367016 0.235837 0.0240392 0.149351 -0.00328806 0.0784108 0.0233107 -0.098095 -0.00816744 -0.00244883 -0.0470603 0.0642121 
-0.0158756 -3.18598 -0.751191 1.9915 -2.12601 4.01095 7.92705 -0.322789 379.548 -0.0209962 -0.6026 -2.33269 -2.55882 -0.759703 -0.103614 -1.64562 -1.52324 -0.0619459 2.12821 0.979553 -1.35237 -1.30734 -0.356945 0.621163 -0.0453244 0.232783 -0.0809499 -1.20364 -0.65391 -0.736019 0.334406 -0.107959 -0.0684936 -0.0215131 -0.0738699 -0.516059 -0.0150746 0.119337 -0.095947 -0.186127 -0.00717026 -0.116864 0.0751308 0.0743408 -0.106907 0.0468498 0.038012 -0.0209898 0.0825526 -0.0520993 
-0.00478446 -5.45208 2.33715 -1.90326 3.1482 -6.1063 2.60284 -0.371952 -0.0209962 323.013 4.66221 -0.34837 0.0172109 -1.41546 0.894852 -0.780737 0.76862 -2.53065 -0.449597 -0.570059 -2.43076 -0.624185 0.626048 1.42052 -0.243738 0.468783 0.416919 0.299098 0.0403576 0.121674 -0.0626481 -0.247584 0.10941 0.317598 0.26917 0.468675 -0.0286749 0.437114 0.156596 -0.204364 0.0927795 -0.0146171 -0.143512 -0.00331188 -0.104879 -0.0119661 0.0234919 -0.0299591 -0.0371828 -0.0369457 
-0.0328037 5.1154 2.02376 -8.9426 1.46269 8.14914 -2.97336 -0.533426 -0.6026 4.66221 -287.973 0.310499 1.71617 -1.18712 -0.337968 1.2539 1.77554 -0.735973 0.859765 0.157295 -0.752416 -0.434479 -0.304813 -0.00735393 0.0304729 0.468787 0.222915 -0.610479 0.587394 0.587338 -0.0126948 -0.00518489 0.0981182 -0.0795896 -0.251152 -0.230483 0.129718 -0.103055 0.013034 -0.149007 0.0241792 0.00986553 -0.0903926 -0.0659305 0.0516615 -0.0667315 -0.0285441 -0.000843942 -0.0446201 0.0563668 
-0.0308486 1.36173 -1.61464 -2.38803 3.25976 -0.797667 -0.50775 0.69374 -2.33269 -0.34837 0.310499 312.915 6.76544 -0.760201 0.53629 0.640041 1.43494 -5.25247 -2.61207 -3.41789 1.24696 -0.491436 0.129651 0.592286 -0.412647 -0.323823 -0.611235 0.502842 1.26221 2.69646 -0.790866 0.0207885 0.190555 -0.0599603 0.481226 0.207603 0.449837 -0.210508 0.315701 0.143316 0.132563 0.244865 -0.3002 -0.255585 0.233999 -0.130537 -0.0751052 0.0126572 -0.107969 0.0995557 
-0.00198939 -2.95716 -5.12317 -5.91327 0.429 -5.27608 3.7149 1.63785 -2.55882 0.0172109 1.71617 6.76544 220.188 -6.7796 -3.95857 -5.03511 -1.74422 0.281959 -0.0695832 0.285813 4.00749 1.75006 -1.87101 -1.7314 -1.26725 0.83173 2.22614 1.34008 0.362338 2.23261 -1.03752 0.41646 -0.381306 -0.109887 0.923993 0.525962 0.442133 -0.731547 -0.414029 0.125105 0.282449 0.269634 -0.0744235 0.14795 -0.000167321 -0.198451 -0.0174462 -0.0569127 -0.0691604 0.167982 
0.0160956 12.2265 1.81453 -2.79344 -0.968996 -4.06415 -9.60688 -0.903147 -0.759703 -1.41546 -1.18712 -0.760201 -6.7796 251.764 -1.14727 -0.933585 1.82709 16.881 2.11643 0.173138 2.93297 4.77819 -0.861147 -3.97674 1.44351 0.0183114 0.341307 -0.624268 0.132035 -1.99975 0.301607 0.324327 -0.667839 -0.183846 -0.892785 -0.263967 -0.252263 -0.376286 -0.20662 0.280825 -0.116175 -0.0570301 -0.00323135 0.017418 -0.0755678 -0.00180132 0.00672962 0.00397635 0.00317884 0 
-0.0241035 0.949484 -5.75657 -4.19349 0.662751 11.332 0.881843 0.0228833 -0.103614 0.894852 -0.337968 0.53629 -3.95857 -1.14727 -197.514 4.86003 -11.4866 -0.063254 -7.49519 3.93052 -14.7845 -5.10122 -2.39851 0.161053 -0.0403916 -2.72664 1.10915 -0.000518152 -0.104357 0 -3.22129 -1.58647 -7.3821 0.363107 -4.74877 0.999902 -2.75577 3.04735 4.71013 -2.91467 -2.09351 1.07247 -2.07638 5.54628 -1.8881 -1.26275 0.13035 5.53582 -0.570076 7.79258 
0.069162 -2.31971 -3.25521 -2.6445 -3.00453 -17.7643 0.746545 1.27554 -1.64562 -0.780737 1.2539 0.640041 -5.03511 -0.933585 4.86003 262.536 -10.9744 0.240334 -1.18923 -6.00964 5.97597 4.60081 -0.729357 11.4249 -0.693071 4.99465 0.981931 3.93902 4.20958 -5.37093 -23.4316 -12.3622 2.85458 -0.0212748 -6.97822 9.67537 3.59413 0.832221 -14.9906 -3.33599 7.05782 4.82922 5.3895 2.79778 -1.76314 -1.76004 -3.3236 9.6357 2.88065 4.98975 
0.0223521 -1.22354 -0.191154 -2.70527 -1.40621 -16.5688 1.93511 0.304857 -1.52324 0.76862 1.77554 1.43494 -1.74422 1.82709 -11.4866 -10.9744 -230.445 -1.59126 -11.7116 -2.10874 -5.48849 1.63494 5.49057 -2.03774 -3.30293 10.9064 -2.85846 -7.97227 -12.7603 -7.5421 5.72763 8.4982 0.997945 8.64627 0.880059 0.439825 -4.23311 0.544872 -11.9777 4.1795 -2.20824 0.868932 -4.79526 -3.02788 -5.98896 3.16937 0.631763 3.72254 -1.4014 -4.18299 
0.0534214 9.03683 1.84837 5.79839 -2.02933 -10.6157 -7.70406 -0.353505 -0.0619459 -2.53065 -0.735973 -5.25247 0.281959 16.881 -0.063254 0.240334 -1.59126 197.158 8.0907 10.2181 -0.786002 -0.515401 19.7476 -2.73811 -10.0413 29.9287 14.4094 9.6795 -0.514745 9.04013 0.428268 -9.55287 2.8262 3.9765 4.81517 4.92982 5.09257 -1.85433 -7.42253 1.25849 -0.058167 11.6211 -2.98208 0.666778 -1.42488 -4.09388 -4.0655 -1.88625 1.08913 1.79273 
0.0071919 3.04085 1.48572 3.14475 0.667606 -3.20938 -3.31543 -0.890335 2.12821 -0.449597 0.859765 -2.61207 -0.0695832 2.11643 -7.49519 -1.18923 -11.7116 8.0907 -232.254 4.29736 -0.854834 -8.38397 13.6957 -2.65286 8.73551 3.89161 -1.58407 -1.41296 19.571 1.1175 6.49018 -8.27947 1.05921 3.46779 2.46523 -1.77735 -3.62281 1.2819 5.71685 7.14791 -1.86378 -2.76828 1.83757 -0.205909 -0.569805 -0.0444232 1.89951 1.99247 0.830316 0.281082 
-0.00563121 -1.13486 -1.70206 4.73561 0.524744 2.83853 2.26211 -0.0118888 0.979553 -0.570059 0.157295 -3.41789 0.285813 0.173138 3.93052 -6.00964 -2.10874 10.2181 4.29736 263.246 7.81058 3.46479 -5.03196 1.4481 -1.90665 1.28446 -2.09642 -4.3763 2.36453 5.25263 -0.701172 -5.86943 -0.512272 -3.10192 -8.17932 9.06652 -0.370691 -3.02359 2.48478 0.391436 4.43004 5.02705 0.932902 -0.0242704 2.37233 -2.05792 -1.4088 3.57004 -0.450888 -0.297205 
0.0870296 6.8494 1.09773 0.00639582 0.411873 -13.8752 -12.407 0.695517 -1.35237 -2.43076 -0.752416 1.24696 4.00749 2.93297 -14.7845 5.97597 -5.48849 -0.786002 -0.854834 7.81058 98.351 3.1745 24.9895 12.0615 -3.88867 0.407728 10.5624 1.86841 1.69983 -12.3199 -9.58575 -6.84756 7.24659 8.45287 18.1708 -3.53182 -8.38947 2.67656 -6.81078 -10.9806 7.01297 -0.945723 9.01437 15.8855 -10.8435 5.61176 -7.73467 1.88978 0.805173 -0.179732 
0.0447322 4.45455 3.22533 3.49386 -1.77111 -11.4005 -5.10612 -0.663842 -1.30734 -0.624185 -0.434479 -0.491436 1.75006 4.77819 -5.10122 4.60081 1.63494 -0.515401 -8.38397 3.46479 3.1745 -142.086 13.6997 -8.92337 0.964689 18.56 3.3911 2.43805 -15.1698 -5.30976 -11.2258 2.95854 13.4685 -2.07737 -8.50834 4.35567 3.28137 -0.807623 -11.966 -0.148039 3.17846 14.0749 3.05426 -4.35037 -1.18384 1.28754 1.67353 -0.112955 -3.7722 -3.36269 
0.0139215 1.68448 -2.40781 -3.45204 -1.51847 7.53093 -0.0703966 -0.350109 -0.356945 0.626048 -0.304813 0.129651 -1.87101 -0.861147 -2.39851 -0.729357 5.49057 19.7476 13.6957 -5.03196 24.9895 13.6997 -240.152 2.9641 4.82272 -8.27965 -3.33587 1.26445 3.95358 -1.27123 -8.18792 -0.230381 -0.298341 -9.27368 1.52644 -0.543601 2.31791 2.93869 -8.28797 -2.51698 3.72136 1.16439 0.876651 -1.71199 -0.604739 -0.159385 3.30426 4.30626 1.91181 3.66474 
-0.0314307 0.974647 -1.47581 -3.14872 0.59272 4.59172 1.36035 0.438339 0.621163 1.42052 -0.00735393 0.592286 -1.7314 -3.97674 0.161053 11.4249 -2.03774 -2.73811 -2.65286 1.4481 12.0615 -8.92337 2.9641 -152.858 -5.37487 -13.4562 -6.21606 1.90735 3.57252 3.8576 2.54538 5.35731 -8.7317 1.09065 1.06726 -9.72148 2.7364 0.339287 14.6627 4.47322 -6.26524 -11.0202 2.05932 -2.64552 4.37938 -0.887511 0.278041 -4.91756 0.157011 0.236956 
-0.00413494 0.36132 -0.737644 0.124363 0.036672 2.62598 0.268673 -0.223469 -0.0453244 -0.243738 0.0304729 -0.412647 -1.26725 1.44351 -0.0403916 -0.693071 -3.30293 -10.0413 8.73551 -1.90665 -3.88867 0.964689 4.82272 -5.37487 -155.97 2.63021 1.87312 0.943057 -3.35255 6.07355 0.450474 1.01959 1.84128 -0.571657 -4.1182 3.53751 1.57393 2.1865 1.88815 -1.23164 2.46187 0.710874 -1.2936 2.41952 -0.530777 -4.50947 -0.636568 -3.69925 -1.82102 2.24881 
-0.00150339 -1.23448 -1.27449 -0.16949 -0.871426 -0.680489 2.43196 -0.123537 0.232783 0.468783 0.468787 -0.323823 0.83173 0.0183114 -2.72664 4.99465 10.9064 29.9287 3.89161 1.28446 0.407728 18.56 -8.27965 -13.4562 2.63021 193.954 -2.06306 8.974 -0.560196 -2.7675 2.43713 0.950844 1.37026 2.48524 -3.58003 2.42659 0.693791 -0.809346 -5.46718 2.53581 -5.01875 5.34484 -0.492167 -2.32107 2.3226 0.114075 0.418113 4.47016 -4.13227 1.55955 
-0.0121526 -1.25701 1.16505 0.674714 0.113356 -0.684697 1.64224 -0.198206 -0.0809499 0.416919 0.222915 -0.611235 2.22614 0.341307 1.10915 0.981931 -2.85846 14.4094 -1.58407 -2.09642 10.5624 3.3911 -3.33587 -6.21606 1.87312 -2.06306 136.827 -2.89111 -12.7097 12.6294 2.28038 5.04695 5.68759 -4.37487 -6.13355 5.08043 7.43247 0.385319 1.1835 -4.98575 -0.803934 1.97514 -1.96074 0.392272 -0.800818 -5.13436 -0.406687 -11.9444 -5.36927 0.637114 
0.00184086 1.84664 -2.1544 -2.74503 0.200634 3.0294 -1.38375 -0.10346 -1.20364 0.299098 -0.610479 0.502842 1.34008 -0.624268 -0.000518152 3.93902 -7.97227 9.6795 -1.41296 -4.3763 1.86841 2.43805 1.26445 1.90735 0.943057 8.974 -2.89111 -141.662 -5.4574 -0.889007 -7.2133 -0.0459105 -2.3916 -17.1223 2.09757 -2.09461 -2.02044 -0.379701 -11.3291 0.343216 9.23707 -4.07774 1.44959 -2.18566 -3.73816 6.49989 2.50893 -1.23644 -0.262301 -2.95886 
0.00219069 -0.371814 -2.08877 -1.62104 -0.286685 -1.7822 0.172465 0.677396 -0.65391 0.0403576 0.587394 1.26221 0.362338 0.132035 -0.104357 4.20958 -12.7603 -0.514745 19.571 2.36453 1.69983 -15.1698 3.95358 3.57252 -3.35255 -0.560196 -12.7097 -5.4574 177.148 -5.71453 -4.22064 -7.40067 1.10174 -5.93412 -7.83063 3.00359 0.261813 6.83299 -1.08743 -0.849555 -0.140845 3.25558 0.887262 0.0736471 1.03209 -1.43695 1.62194 3.44898 -0.62737 0.904309 
-0.0181333 -2.07406 -0.688891 -2.31929 1.80817 1.87237 1.07089 0.248837 -0.736019 0.121674 0.587338 2.69646 2.23261 -1.99975 0 -5.37093 -7.5421 9.04013 1.1175 5.25263 -12.3199 -5.30976 -1.27123 3.8576 6.07355 -2.7675 12.6294 -0.889007 -5.71453 106.873 15.2091 -1.23776 -12.5155 5.61885 12.3102 -17.1924 -9.54756 -0.0556618 6.46349 2.94714 1.96369 -14.3353 2.362 -7.08042 -2.61142 7.49162 -0.332914 3.73 8.79179 -1.01722 
-0.000985733 -0.743642 0.369296 0.811243 -0.0558666 -0.842922 0.0955404 -0.0374811 0.334406 -0.0626481 -0.0126948 -0.790866 -1.03752 0.301607 -3.22129 -23.4316 5.72763 0.428268 6.49018 -0.701172 -9.58575 -11.2258 -8.18792 2.54538 0.450474 2.43713 2.28038 -7.2133 -4.22064 15.2091 -129.084 -0.245121 0.971231 1.99364 -10.1177 4.33844 -1.38818 0.209385 -1.42008 -0.907247 -2.76157 5.82504 -2.76331 -1.13249 -1.30241 -1.3724 0.385071 2.07772 -1.55737 1.51135 
0.00622333 -1.15058 0.466319 0.484934 -0.124664 -0.348094 -0.222581 0.0965397 -0.107959 -0.247584 -0.00518489 0.0207885 0.41646 0.324327 -1.58647 -12.3622 8.4982 -9.55287 -8.27947 -5.86943 -6.84756 2.95854 -0.230381 5.35731 1.01959 0.950844 5.04695 -0.0459105 -7.40067 -1.23776 -0.245121 -172.352 1.87543 -0.5442 -1.22275 2.83331 -1.58656 3.25749 -3.63755 -4.4344 0.146992 1.79497 0.360158 2.08176 -2.30702 -0.0725875 -0.867653 -0.59689 -0.00294732 0.250252 
0.00795242 -0.994307 -0.0366433 0.154005 0.155636 -0.406328 1.11099 0.032265 -0.0684936 0.10941 0.0981182 0.190555 -0.381306 -0.667839 -7.3821 2.85458 0.997945 2.8262 1.05921 -0.512272 7.24659 13.4685 -0.298341 -8.7317 1.84128 1.37026 5.68759 -2.3916 1.10174 -12.5155 0.971231 1.87543 -72.5318 11.4417 1.56045 2.337 -9.97004 -9.60537 6.01956 4.20978 -1.9126 5.2612 -7.37739 -2.23442 -2.97743 14.4991 -0.651079 10.9903 4.26082 2.95363 
0.00385315 -0.971836 0.635609 0.769757 0.166965 -0.776378 0.227643 -0.109347 -0.0215131 0.317598 -0.0795896 -0.0599603 -0.109887 -0.183846 0.363107 -0.0212748 8.64627 3.9765 3.46779 -3.10192 8.45287 -2.07737 -9.27368 1.09065 -0.571657 2.48524 -4.37487 -17.1223 -5.93412 5.61885 1.99364 -0.5442 11.4417 -96.9166 -0.690829 -0.151574 -1.85255 -0.078875 -4.50551 5.81568 -1.7452 0.519494 2.53902 -5.1066 2.09376 0.558598 2.16749 -2.07101 0.0530151 -3.64297 
0.00652091 -0.90569 0.344067 0.268995 0.75034 0.961207 -0.528757 0.038003 -0.0738699 0.26917 -0.251152 0.481226 0.923993 -0.892785 -4.74877 -6.97822 0.880059 4.81517 2.46523 -8.17932 18.1708 -8.50834 1.52644 1.06726 -4.1182 -3.58003 -6.13355 2.09757 -7.83063 12.3102 -10.1177 -1.22275 1.56045 -0.690829 155.896 -12.6356 -5.31491 -0.276064 -1.61414 2.44577 1.61545 -10.07 2.79978 -3.51646 -1.68193 6.24594 5.16262 -3.87547 4.64802 -2.83696 
0.00539979 -1.0685 0.280853 -0.0412545 0.50904 -0.832935 0.589089 -0.165636 -0.516059 0.468675 -0.230483 0.207603 0.525962 -0.263967 0.999902 9.67537 0.439825 4.92982 -1.77735 9.06652 -3.53182 4.35567 -0.543601 -9.72148 3.53751 2.42659 5.08043 -2.09461 3.00359 -17.1924 4.33844 2.83331 2.337 -0.151574 -12.6356 -65.779 -1.97117 -6.98382 -12.563 3.90407 1.49163 -5.85488 5.016 -8.99284 0.5177 3.51226 1.17282 -2.08365 0.946525 -6.96238 
-0.00468312 -0.268915 -0.322065 -0.49093 0.229121 -0.0257284 0.21747 0.313175 -0.0150746 -0.0286749 0.129718 0.449837 0.442133 -0.252263 -2.75577 3.59413 -4.23311 5.09257 -3.62281 -0.370691 -8.38947 3.28137 2.31791 2.7364 1.57393 0.693791 7.43247 -2.02044 0.261813 -9.54756 -1.38818 -1.58656 -9.97004 -1.85255 -5.31491 -1.97117 -56.4852 -0.152306 2.70618 -4.86602 -4.75833 1.48126 4.06237 -0.631903 -2.66345 2.04448 -3.11473 -2.78954 0.536319 -2.06134 
-0.000182765 0.192408 0.329959 -0.0910066 -0.10217 0.0246471 0.268349 -0.212515 0.119337 0.437114 -0.103055 -0.210508 -0.731547 -0.376286 3.04735 0.832221 0.544872 -1.85433 1.2819 -3.02359 2.67656 -0.807623 2.93869 0.339287 2.1865 -0.809346 0.385319 -0.379701 6.83299 -0.0556618 0.209385 3.25749 -9.60537 -0.078875 -0.276064 -6.98382 -0.152306 -21.6206 0.0597816 11.5562 -1.57501 -1.84922 0.987637 -6.57267 2.49977 0.688848 0.545495 -0.576421 -1.09142 -3.86531 
5.46967e-05 0.0102386 -0.128601 -0.316395 0.188749 -0.473161 -0.11666 -0.00367016 -0.095947 0.156596 0.013034 0.315701 -0.414029 -0.20662 4.71013 -14.9906 -11.9777 -7.42253 5.71685 2.48478 -6.81078 -11.966 -8.28797 14.6627 1.88815 -5.46718 1.1835 -11.3291 -1.08743 6.46349 -1.42008 -3.63755 6.01956 -4.50551 -1.61414 -12.563 2.70618 0.0597816 134.372 4.41956 -0.579458 -5.29892 -0.50717 -2.5818 0.988428 -0.408569 1.7334 0.45746 0.19001 -0.693119 
0.00018881 -0.0302215 -0.273805 -0.48551 -0.212406 -0.182902 0.0698491 0.235837 -0.186127 -0.204364 -0.149007 0.143316 0.125105 0.280825 -2.91467 -3.33599 4.1795 1.25849 7.14791 0.391436 -10.9806 -0.148039 -2.51698 4.47322 -1.23164 2.53581 -4.98575 0.343216 -0.849555 2.94714 -0.907247 -4.4344 4.20978 5.81568 2.44577 3.90407 -4.86602 11.5562 4.41956 -17.6884 0.541389 4.97756 -1.86631 4.84766 -6.18489 -0.755594 -3.6143 -2.44683 -3.12719 -3.3887 
-0.00251611 -0.157402 -0.236717 -0.344573 0.20293 0.4647 0.347404 0.0240392 -0.00717026 0.0927795 0.0241792 0.132563 0.282449 -0.116175 -2.09351 7.05782 -2.20824 -0.058167 -1.86378 4.43004 7.01297 3.17846 3.72136 -6.26524 2.46187 -5.01875 -0.803934 9.23707 -0.140845 1.96369 -2.76157 0.146992 -1.9126 -1.7452 1.61545 1.49163 -4.75833 -1.57501 -0.579458 0.541389 133.145 -2.2164 2.37906 -0.992956 0.605554 0.770531 0.883533 -1.90083 -0.216207 -1.17887 
-0.00116825 -0.28203 -0.133404 -0.359749 0.128293 -0.131227 0.232387 0.149351 -0.116864 -0.0146171 0.00986553 0.244865 0.269634 -0.0570301 1.07247 4.82922 0.868932 11.6211 -2.76828 5.02705 -0.945723 14.0749 1.16439 -11.0202 0.710874 5.34484 1.97514 -4.07774 3.25558 -14.3353 5.82504 1.79497 5.2612 0.519494 -10.07 -5.85488 1.48126 -1.84922 -5.29892 4.97756 -2.2164 -86.5836 1.36087 0.461472 -0.86119 1.43132 -0.664835 -2.47933 -0.591893 -2.28183 
0.000861013 0.317421 0.0491502 0.130935 -0.19967 0.38953 -0.20701 -0.00328806 0.0751308 -0.143512 -0.0903926 -0.3002 -0.0744235 -0.00323135 -2.07638 5.3895 -4.79526 -2.98208 1.83757 0.932902 9.01437 3.05426 0.876651 2.05932 -1.2936 -0.492167 -1.96074 1.44959 0.887262 2.362 -2.76331 0.360158 -7.37739 2.53902 2.79978 5.016 4.06237 0.987637 -0.50717 -1.86631 2.37906 1.36087 45.7663 -0.538202 -1.85505 -0.671822 -6.94426 2.44335 0.122909 -0.870349 
-0.00312614 0.377627 -0.0659212 0.0410741 0.0205471 0.348697 0.138528 0.0784108 0.0743408 -0.00331188 -0.0659305 -0.255585 0.14795 0.017418 5.54628 2.79778 -3.02788 0.666778 -0.205909 -0.0242704 15.8855 -4.35037 -1.71199 -2.64552 2.41952 -2.32107 0.392272 -2.18566 0.0736471 -7.08042 -1.13249 2.08176 -2.23442 -5.1066 -3.51646 -8.99284 -0.631903 -6.57267 -2.5818 4.84766 -0.992956 0.461472 -0.538202 74.1785 -1.39002 0.254433 -6.35749 -1.8245 -0.538422 -0.972927 
0.00156405 -0.0645556 -0.200762 0.0480826 0.00427422 -0.458471 -0.0584613 0.0233107 -0.106907 -0.104879 0.0516615 0.233999 -0.000167321 -0.0755678 -1.8881 -1.76314 -5.98896 -1.42488 -0.569805 2.37233 -10.8435 -1.18384 -0.604739 4.37938 -0.530777 2.3226 -0.800818 -3.73816 1.03209 -2.61142 -1.30241 -2.30702 -2.97743 2.09376 -1.68193 0.5177 -2.66345 2.49977 0.988428 -6.18489 0.605554 -0.86119 -1.85505 -1.39002 69.7087 0.969109 1.2582 2.71136 1.5952 -0.190929 
0.00129321 0.515933 0.128571 0.0749074 -0.134012 0.0117409 -0.283299 -0.098095 0.0468498 -0.0119661 -0.0667315 -0.130537 -0.198451 -0.00180132 -1.26275 -1.76004 3.16937 -4.09388 -0.0444232 -2.05792 5.61176 1.28754 -0.159385 -0.887511 -4.50947 0.114075 -5.13436 6.49989 -1.43695 7.49162 -1.3724 -0.0725875 14.4991 0.558598 6.24594 3.51226 2.04448 0.688848 -0.408569 -0.755594 0.770531 1.43132 -0.671822 0.254433 0.969109 -9.47514 1.01376 1.14918 -0.389371 0.273371 
0.00118458 -0.115715 0.180853 0.156456 -0.0147277 0.170153 -0.166751 -0.00816744 0.038012 0.0234919 -0.0285441 -0.0751052 -0.0174462 0.00672962 0.13035 -3.3236 0.631763 -4.0655 1.89951 -1.4088 -7.73467 1.67353 3.30426 0.278041 -0.636568 0.418113 -0.406687 2.50893 1.62194 -0.332914 0.385071 -0.867653 -0.651079 2.16749 5.16262 1.17282 -3.11473 0.545495 1.7334 -3.6143 0.883533 -0.664835 -6.94426 -6.35749 1.2582 1.01376 -27.3962 -0.835601 -0.039219 -0.0231795 
0.000216656 0.107115 0.00941139 -0.305084 -0.0192572 0.041288 -0.0443087 -0.00244883 -0.0209898 -0.0299591 -0.000843942 0.0126572 -0.0569127 0.00397635 5.53582 9.6357 3.72254 -1.88625 1.99247 3.57004 1.88978 -0.112955 4.30626 -4.91756 -3.69925 4.47016 -11.9444 -1.23644 3.44898 3.73 2.07772 -0.59689 10.9903 -2.07101 -3.87547 -2.08365 -2.78954 -0.576421 0.45746 -2.44683 -1.90083 -2.47933 2.44335 -1.8245 2.71136 1.14918 -0.835601 98.9847 0.0299109 0.172629 
0.00178971 -0.0221535 0.15424 0.385961 -0.123562 0.00306953 -0.0230707 -0.0470603 0.0825526 -0.0371828 -0.0446201 -0.107969 -0.0691604 0.00317884 -0.570076 2.88065 -1.4014 1.08913 0.830316 -0.450888 0.805173 -3.7722 1.91181 0.157011 -1.82102 -4.13227 -5.36927 -0.262301 -0.62737 8.79179 -1.55737 -0.00294732 4.26082 0.0530151 4.64802 0.946525 0.536319 -1.09142 0.19001 -3.12719 -0.216207 -0.591893 0.122909 -0.538422 1.5952 -0.389371 -0.039219 0.0299109 20.4243 0.128295 
-0.00153815 -0.0831431 -0.295631 -0.304224 0.119829 0.01083 0.239905 0.0642121 -0.0520993 -0.0369457 0.0563668 0.0995557 0.167982 0 7.79258 4.98975 -4.18299 1.79273 0.281082 -0.297205 -0.179732 -3.36269 3.66474 0.236956 2.24881 1.55955 0.637114 -2.95886 0.904309 -1.01722 1.51135 0.250252 2.95363 -3.64297 -2.83696 -6.96238 -2.06134 -3.86531 -0.693119 -3.3887 -1.17887 -2.28183 -0.870349 -0.972927 -0.190929 0.273371 -0.0231795 0.172629 0.128295 53.3955 
