1532.36 73.4706 72.6546 -16.7541 -9.64539 47.1999 44.3123 0.18105 3.97375 40.0214 -34.5836 58.5241 31.8983 25.255 64.3897 34.2327 10.972 -25.6824 1.39426 9.77808 -17.2864 9.72189 3.28299 14.6368 -2.50751 -8.44023 12.1542 3.65785 -8.17185 -6.46501 0 286.239 241.382 320.561 299.832 318.768 258.073 275.164 283.024 266.112 299.17 310.972 262.364 272.373 293.464 281.544 259.847 226.345 303.476 338.059 
73.4706 -44.8493 -18.8103 63.1957 3.04724 19.2577 -2.75348 -13.2537 18.0487 51.0984 12.7799 -25.5794 -44.2538 22.1501 -23.9503 3.78836 -33 7.53494 -30.6309 -19.8211 31.5666 -28.9673 28.6008 41.197 -21.0817 -19.2128 9.38245 3.49263 2.93849 3.59665 11.817 71.0716 -5.64116 30.6884 26.2083 35.6221 17.7914 -28.7667 36.1775 21.3643 65.9587 -14.1925 38.0637 52.4559 9.53875 11.7088 -44.741 8.17797 62.986 38.9261 
72.6546 -18.8103 -3.56441 46.1201 -7.83736 -5.13062 3.21384 -5.20676 -44.7088 43.7247 -51.6566 -0.763769 33.3202 -6.30524 12.2575 -23.9168 45.4875 40.8503 -12.839 28.8912 47.9098 -7.66437 -48.8142 -7.2644 -28.8764 0.477199 -36.2275 57.909 7.9048 34.5274 28.0696 -16.0504 12.8887 15.6818 1.12716 35.2883 -12.6085 52.6114 39.1884 -25.7345 35.099 -20.7236 -3.1996 -3.15328 11.0344 3.08921 -16.5064 -13.7886 -12.1423 8.77419 
-16.7541 63.1957 46.1201 9.46912 -58.0026 -14.8621 -17.8674 -5.73967 60.3339 -23.6714 -14.7965 32.977 -11.2742 0.161377 -16.5 37.5484 42.6895 42.1352 16.9425 -4.12554 -0.588299 5.59818 31.3031 -37.9909 -14.9568 37.2441 -19.7824 -24.4426 21.6988 8.74787 -0.565326 54.4158 6.87241 0.257492 -6.81618 -38.2563 -39.7113 2.29777 -0.133495 -5.87481 10.0271 -33.0801 35.813 -14.1959 -14.2994 51.3772 -20.669 16.1061 -0.928894 14.9383 
-9.64539 3.04724 -7.83736 -58.0026 -38.2251 -1.94155 -15.2382 -39.8633 -10.3258 -6.73267 43.3791 -11.4188 -7.13854 14.5859 -18.2107 15.2347 -28.069 -1.20365 -29.8825 -2.76149 -2.37268 49.3398 15.161 -7.02754 -17.9949 66.4867 -8.50144 13.1241 10.5297 38.0186 47.1309 54.5554 48.5527 -29.9635 -12.7206 25.841 -49.4974 -4.34213 19.0403 51.5305 8.92916 45.8166 3.27682 31.292 31.1886 -34.8055 11.9981 -15.1449 14.6337 -55.2069 
47.1999 19.2577 -5.13062 -14.8621 -1.94155 3.91289 -6.59377 61.5841 7.33892 9.79032 29.6035 18.303 -21.7433 -31.2487 -16.3326 -17.8965 -28.2632 22.3429 -2.62444 51.3331 -24.5458 -17.8212 -9.91666 19.7551 -5.54456 -11.5302 34.5396 -20.601 -29.6597 42.0211 18.7622 -5.67203 19.614 29.3673 -9.43725 -39.0938 5.41045 25.1837 74.5338 53.7388 12.7131 42.3471 45.9522 49.993 -10.2525 55.8029 3.18995 21.5404 70.8453 22.1065 
44.3123 -2.75348 3.21384 -17.8674 -15.2382 -6.59377 -3.31921 26.2844 20.0053 34.1466 26.7363 21.6462 -1.46518 -53.8172 20.7725 44.758 34.7462 -46.7789 4.29022 29.1175 -11.5912 18.0137 -3.22381 25.4509 -16.6766 -25.1049 -46.5435 -4.70712 -24.4312 3.28775 -47.0902 28.3423 -20.024 -14.0229 8.3961 -11.6777 -44.7812 -14.7113 -36.8215 -8.01761 14.2932 -40.8765 -44.5668 -30.3354 -5.02619 -27.1222 3.70333 -3.54178 46.6165 -47.2888 
0.18105 -13.2537 -5.20676 -5.73967 -39.8633 61.5841 26.2844 -65.7162 -14.6499 -39.7267 -11.2075 39.3684 -46.7411 -13.4008 -6.93755 15.8589 39.8809 11.299 -20.2944 -14.1085 -10.57 14.7009 29.7501 40.5667 -9.1874 40.4841 51.2768 30.7264 4.54887 -14.2653 -23.7296 24.9083 -6.27884 38.3275 -19.743 -22.544 47.1397 -31.6114 52.6648 40.1008 -43.1525 45.4968 -28.4027 39.4187 -50.088 -6.93566 -15.9204 31.4991 37.378 -52.945 
3.97375 18.0487 -44.7088 60.3339 -10.3258 7.33892 20.0053 -14.6499 28.9311 18.5543 16.3655 37.9613 -4.91266 5.03216 17.8845 -1.48257 20.2966 22.5057 37.0793 -42.2763 -20.2519 1.18387 -69.3101 -32.5858 16.5546 1.99119 -19.7089 13.4875 -21.8625 -56.3181 -40.9256 -49.1344 54.7542 -36.294 -12.0224 8.48166 -21.521 46.57 24.6436 -39.1469 -2.01337 50.4109 2.64272 -31.7312 -8.02869 7.75894 -38.6585 8.42687 -21.2969 -1.81606 
40.0214 51.0984 43.7247 -23.6714 -6.73267 9.79032 34.1466 -39.7267 18.5543 38.0653 -2.27174 27.1793 -6.24001 18.6589 -11.9532 -38.3904 -7.50091 31.1203 43.1577 7.59051 48.692 -58.567 -32.6466 18.597 48.2056 -0.69217 42.6307 33.9915 -41.971 -7.47301 46.0388 19.9581 52.029 0.100521 -24.5496 -24.3584 9.74361 -30.575 -27.5788 12.9936 -54.6325 -22.5333 -7.06855 10.3495 -13.5759 13.4489 -36.6845 64.7327 40.1631 45.3974 
-34.5836 12.7799 -51.6566 -14.7965 43.3791 29.6035 26.7363 -11.2075 16.3655 -2.27174 -12.5031 -1.10942 -44.506 -15.8508 -30.3948 -28.9943 33.0604 -3.76274 -7.64007 25.0113 14.7814 -13.5793 -19.4594 0.711985 46.906 -26.8554 -13.5145 -35.5269 -20.4935 3.18228 24.6144 28.325 -8.72204 -12.5419 -15.8242 17.8388 -47.7934 -4.21804 23.3605 1.87245 32.3881 17.4574 52.2499 49.9647 33.3468 0.319065 7.35149 -3.02772 30.4244 25.5803 
58.5241 -25.5794 -0.763769 32.977 -11.4188 18.303 21.6462 39.3684 37.9613 27.1793 -1.10942 9.96575 6.28966 32.0404 -2.2014 5.72318 15.7496 -4.42094 16.7687 -16.0076 -9.77905 18.2678 31.5115 -26.4784 45.089 -15.3996 54.8708 26.0583 25.6634 -14.4537 43.2626 -17.0124 -3.86985 15.4317 -22.9716 22.5061 -28.4716 25.8719 -23.9023 49.4032 -42.4744 8.08268 -2.51083 59.3288 -30.5786 19.5269 49.0756 4.98306 0.314034 45.7214 
31.8983 -44.2538 33.3202 -11.2742 -7.13854 -21.7433 -1.46518 -46.7411 -4.91266 -6.24001 -44.506 6.28966 7.15257 26.5276 18.4515 47.391 -21.5712 37.3853 4.403 -11.74 -25.8965 33.8432 -42.383 15.4146 -37.6963 45.2935 -33.1843 34.255 -42.8056 19.219 38.8359 24.2857 22.3831 -6.98486 -21.1961 -19.3105 47.8381 48.8438 -2.52053 21.8912 21.6906 38.9893 22.602 -23.7556 -45.2794 21.472 13.9637 8.98121 -46.0853 6.63771 
25.255 22.1501 -6.30524 0.161377 14.5859 -31.2487 -53.8172 -13.4008 5.03216 18.6589 -15.8508 32.0404 26.5276 -28.0506 -14.0585 12.5061 31.5901 16.4104 6.43743 33.7727 -1.25803 32.6128 23.0846 -35.4916 24.1585 5.45934 -32.9768 20.9004 -25.7941 -51.7961 6.15064 -33.2445 3.38845 -23.7738 44.5643 19.7627 -8.80685 14.4392 37.8915 45.1827 7.03059 21.4583 61.7433 -23.7583 -12.3526 27.5334 25.4518 -7.09913 41.1956 17.9566 
64.3897 -23.9503 12.2575 -16.5 -18.2107 -16.3326 20.7725 -6.93755 17.8845 -11.9532 -30.3948 -2.2014 18.4515 -14.0585 22.829 5.65772 21.6115 36.7307 46.2738 55.7181 55.2246 6.02129 -37.0269 -14.2254 10.6513 28.1676 48.3948 0.578657 1.44766 -15.88 -28.0738 -1.08749 13.4374 17.2553 -3.90921 55.4552 -6.40097 47.5699 -17.279 -20.9562 -36.2075 -6.21062 9.15892 64.5281 -34.0877 5.81103 50.0757 -3.84434 -19.6693 27.3649 
34.2327 3.78836 -23.9168 37.5484 15.2347 -17.8965 44.758 15.8589 -1.48257 -38.3904 -28.9943 5.72318 47.391 12.5061 5.65772 34.9966 -28.8496 33.9143 33.7893 48.9135 1.96198 -41.7753 29.1694 48.8545 -37.3148 16.1669 16.977 1.62913 51.8511 -32.2115 -18.1991 9.24726 7.30849 20.1461 -17.7427 -40.582 29.0978 12.2843 8.67329 -27.5028 -34.4339 -5.45098 57.9417 39.5571 14.7347 -20.04 55.1728 43.9604 49.0813 -27.4222 
10.972 -33 45.4875 42.6895 -28.069 -28.2632 34.7462 39.8809 20.2966 -7.50091 33.0604 15.7496 -21.5712 31.5901 21.6115 -28.8496 -51.4804 17.0816 -34.6749 34.7777 -23.7358 -25.057 33.125 30.1103 -26.7658 38.8951 34.2893 -0.511686 -15.8946 21.5894 -39.8983 -41.6091 38.2651 21.2371 13.0907 13.1962 39.5426 -30.5324 -37.3129 -19.3519 39.5704 -35.6573 -0.678345 -14.0308 -17.8767 43.4594 5.1436 8.70142 11.2801 -32.3861 
-25.6824 7.53494 40.8503 42.1352 -1.20365 22.3429 -46.7789 11.299 22.5057 31.1203 -3.76274 -4.42094 37.3853 16.4104 36.7307 33.9143 17.0816 -49.4885 25.3161 -44.3281 -25.8006 -42.0531 -28.8689 15.3091 0.306309 30.6293 2.65981 -23.9837 -52.8749 17.787 8.36491 -27.1088 35.2785 23.1388 15.6331 -64.8648 -5.94228 -48.7888 -2.88324 9.29842 -58.6296 24.7664 -45.748 37.5973 -22.4937 -6.99105 -33.8136 26.1595 -43.5777 -5.00955 
1.39426 -30.6309 -12.839 16.9425 -29.8825 -2.62444 4.29022 -20.2944 37.0793 43.1577 -7.64007 16.7687 4.403 6.43743 46.2738 33.7893 -34.6749 25.3161 14.5979 44.108 36.1109 4.88177 -8.11274 -15.1186 -3.01093 5.57285 -37.8181 -41.3878 -13.4872 -22.2143 40.3954 22.2962 -26.5314 6.49666 28.0861 8.88184 -25.8452 -14.6294 -9.67018 26.1272 15.283 38.6622 -16.7376 6.95178 -10.077 -2.70003 -19.0643 32.2082 -48.6185 -5.08128 
9.77808 -19.8211 28.8912 -4.12554 -2.76149 51.3331 29.1175 -14.1085 -42.2763 7.59051 25.0113 -16.0076 -11.74 33.7727 55.7181 48.9135 34.7777 -44.3281 44.108 -20.5233 10.9881 -21.7422 29.1311 -4.69721 -13.1413 -44.1499 12.5665 3.3507 52.3746 39.8267 -8.35166 30.7744 20.7396 10.1265 15.5818 30.9323 -1.12226 8.78285 -16.6539 -22.3369 25.0739 -26.5828 16.2154 -10.4053 -24.4814 14.0494 25.2008 12.7897 21.0958 23.6818 
-17.2864 31.5666 47.9098 -0.588299 -2.37268 -24.5458 -11.5912 -10.57 -20.2519 48.692 14.7814 -9.77905 -25.8965 -1.25803 55.2246 1.96198 -23.7358 -25.8006 36.1109 10.9881 36.6228 -21.8755 -43.8271 -28.5388 16.4421 -5.99284 -27.218 25.9553 -9.92409 -29.8906 58.8302 -22.6013 48.4648 -38.1326 -7.83575 49.8555 52.3424 39.9692 61.6947 -25.7591 9.24961 27.4282 53.8873 18.1316 -33.8182 -28.3561 -19.8748 -6.83983 -35.6111 -8.27673 
9.72189 -28.9673 -7.66437 5.59818 49.3398 -17.8212 18.0137 14.7009 1.18387 -58.567 -13.5793 18.2678 33.8432 32.6128 6.02129 -41.7753 -25.057 -42.0531 4.88177 -21.7422 -21.8755 -45.6129 23.9924 -29.657 6.60662 30.2694 -29.5218 -5.13793 39.3698 -20.6474 15.6832 -1.17719 -18.0766 34.3441 -16.264 -23.3829 -22.6177 38.3462 31.7675 3.87894 29.4299 38.959 12.6685 2.96181 -13.5376 -29.6364 16.0915 57.7342 30.1213 26.6458 
3.28299 28.6008 -48.8142 31.3031 15.161 -9.91666 -3.22381 29.7501 -69.3101 -32.6466 -19.4594 31.5115 -42.383 23.0846 -37.0269 29.1694 33.125 -28.8689 -8.11274 29.1311 -43.8271 23.9924 -59.8145 -22.8318 -19.3184 24.0024 31.313 35.2826 -42.4081 41.6525 -33.788 -50.7891 -24.8085 28.9962 -3.63802 32.0984 -18.9878 -16.2149 29.0458 -46.6231 -42.365 -3.35745 -39.439 39.0204 46.1353 12.6366 47.6263 38.3065 15.5318 -9.75745 
14.6368 41.197 -7.2644 -37.9909 -7.02754 19.7551 25.4509 40.5667 -32.5858 18.597 0.711985 -26.4784 15.4146 -35.4916 -14.2254 48.8545 30.1103 15.3091 -15.1186 -4.69721 -28.5388 -29.657 -22.8318 45.4411 -29.2635 42.3191 -5.92277 42.0086 -21.2879 23.675 18.2215 20.0657 47.0968 -35.7904 43.9221 36.7154 46.8865 -6.83397 50.1878 44.2489 -27.3381 30.8591 -18.1625 -21.9711 51.1658 -11.6953 -9.41647 5.03202 -19.8728 42.2999 
-2.50751 -21.0817 -28.8764 -14.9568 -17.9949 -5.54456 -16.6766 -9.1874 16.5546 48.2056 46.906 45.089 -37.6963 24.1585 10.6513 -37.3148 -26.7658 0.306309 -3.01093 -13.1413 16.4421 6.60662 -19.3184 -29.2635 -8.58327 6.8767 -24.678 -2.1308 -8.9244 -18.1041 32.9131 -25.2353 -30.7287 1.2178 38.863 -32.2344 -29.4768 26.837 -9.86625 7.1473 -38.8453 -30.3618 42.8269 1.58393 8.58934 53.5815 -16.0043 -13.284 16.8965 14.6472 
-8.44023 -19.2128 0.477199 37.2441 66.4867 -11.5302 -25.1049 40.4841 1.99119 -0.69217 -26.8554 -15.3996 45.2935 5.45934 28.1676 16.1669 38.8951 30.6293 5.57285 -44.1499 -5.99284 30.2694 24.0024 42.3191 6.8767 -12.0187 -1.23814 -42.3878 -24.6423 -13.8144 39.1273 32.828 -36.7702 28.4077 17.3866 22.1871 23.2476 46.0206 -3.34565 -23.0162 31.4325 15.1092 49.1469 -0.504116 8.13442 -0.68848 -32.8871 -5.22266 -26.5591 0.759209 
12.1542 9.38245 -36.2275 -19.7824 -8.50144 34.5396 -46.5435 51.2768 -19.7089 42.6307 -13.5145 54.8708 -33.1843 -32.9768 48.3948 16.977 34.2893 2.65981 -37.8181 12.5665 -27.218 -29.5218 31.313 -5.92277 -24.678 -1.23814 55.7704 38.903 46.5941 25.8781 -49.5009 18.6232 -10.3898 -0.875698 -22.1034 -48.6462 47.3677 31.9692 49.695 9.89164 24.2245 21.2937 2.04038 -47.5312 -23.4212 51.8381 41.0386 -26.3087 -23.8063 25.0276 
3.65785 3.49263 57.909 -24.4426 13.1241 -20.601 -4.70712 30.7264 13.4875 33.9915 -35.5269 26.0583 34.255 20.9004 0.578657 1.62913 -0.511686 -23.9837 -41.3878 3.3507 25.9553 -5.13793 35.2826 42.0086 -2.1308 -42.3878 38.903 -24.3482 44.1943 -14.5557 -12.5703 -13.71 -17.1334 3.7886 34.4341 0.857285 7.21588 13.9615 13.3932 26.0582 -7.31051 -36.7311 8.63802 2.96645 13.4938 35.1514 55.2173 -20.7259 3.2718 15.0605 
-8.17185 2.93849 7.9048 21.6988 10.5297 -29.6597 -24.4312 4.54887 -21.8625 -41.971 -20.4935 25.6634 -42.8056 -25.7941 1.44766 51.8511 -15.8946 -52.8749 -13.4872 52.3746 -9.92409 39.3698 -42.4081 -21.2879 -8.9244 -24.6423 46.5941 44.1943 -36.9118 -42.6024 -1.21723 13.1793 48.7926 4.05126 35.8896 11.9663 -12.727 -13.108 6.86848 -21.0063 19.3171 24.0332 39.937 5.74555 37.419 -9.34178 22.0065 11.958 10.7146 -50.0672 
-6.46501 3.59665 34.5274 8.74787 38.0186 42.0211 3.28775 -14.2653 -56.3181 -7.47301 3.18228 -14.4537 19.219 -51.7961 -15.88 -32.2115 21.5894 17.787 -22.2143 39.8267 -29.8906 -20.6474 41.6525 23.675 -18.1041 -13.8144 25.8781 -14.5557 -42.6024 21.728 -34.0854 11.0917 41.3325 -6.37528 -41.6043 -57.7156 -41.5182 -10.4002 15.8456 16.3649 37.7028 -22.5493 7.34873 -44.3064 22.7621 29.6409 -6.02359 -26.7601 -14.8091 10.2256 
0 11.817 28.0696 -0.565326 47.1309 18.7622 -47.0902 -23.7296 -40.9256 46.0388 24.6144 43.2626 38.8359 6.15064 -28.0738 -18.1991 -39.8983 8.36491 40.3954 -8.35166 58.8302 15.6832 -33.788 18.2215 32.9131 39.1273 -49.5009 -12.5703 -1.21723 -34.0854 -17.8315 16.9568 11.2153 -16.0166 4.20029 -10.5874 -34.6994 13.9683 -39.4317 -24.01 30.7895 25.4974 -10.0675 18.569 -20.0375 -0.473648 -27.911 51.7271 34.044 26.4669 
286.239 71.0716 -16.0504 54.4158 54.5554 -5.67203 28.3423 24.9083 -49.1344 19.9581 28.325 -17.0124 24.2857 -33.2445 -1.08749 9.24726 -41.6091 -27.1088 22.2962 30.7744 -22.6013 -1.17719 -50.7891 20.0657 -25.2353 32.828 18.6232 -13.71 13.1793 11.0917 16.9568 9 31 73 64 35 48 95 77 13 33 98 49 55 55 93 68 56 60 33 
241.382 -5.64116 12.8887 6.87241 48.5527 19.614 -20.024 -6.27884 54.7542 52.029 -8.72204 -3.86985 22.3831 3.38845 13.4374 7.30849 38.2651 35.2785 -26.5314 20.7396 48.4648 -18.0766 -24.8085 47.0968 -30.7287 -36.7702 -10.3898 -17.1334 48.7926 41.3325 11.2153 31 23 86 71 58 77 40 45 81 61 90 23 50 0 54 75 64 42 24 
320.561 30.6884 15.6818 0.257492 -29.9635 29.3673 -14.0229 38.3275 -36.294 0.100521 -12.5419 15.4317 -6.98486 -23.7738 17.2553 20.1461 21.2371 23.1388 6.49666 10.1265 -38.1326 34.3441 28.9962 -35.7904 1.2178 28.4077 -0.875698 3.7886 4.05126 -6.37528 -16.0166 73 86 59 19 89 44 69 38 51 76 83 19 33 43 4 56 81 75 66 
299.832 26.2083 1.12716 -6.81618 -12.7206 -9.43725 8.3961 -19.743 -12.0224 -24.5496 -15.8242 -22.9716 -21.1961 44.5643 -3.90921 -17.7427 13.0907 15.6331 28.0861 15.5818 -7.83575 -16.264 -3.63802 43.9221 38.863 17.3866 -22.1034 34.4341 35.8896 -41.6043 4.20029 64 71 19 11 67 12 92 29 2 68 31 2 74 7 18 16 83 77 87 
318.768 35.6221 35.2883 -38.2563 25.841 -39.0938 -11.6777 -22.544 8.48166 -24.3584 17.8388 22.5061 -19.3105 19.7627 55.4552 -40.582 13.1962 -64.8648 8.88184 30.9323 49.8555 -23.3829 32.0984 36.7154 -32.2344 22.1871 -48.6462 0.857285 11.9663 -57.7156 -10.5874 35 58 89 67 72 73 57 62 25 33 97 96 18 41 53 26 74 80 93 
258.073 17.7914 -12.6085 -39.7113 -49.4974 5.41045 -44.7812 47.1397 -21.521 9.74361 -47.7934 -28.4716 47.8381 -8.80685 -6.40097 29.0978 39.5426 -5.94228 -25.8452 -1.12226 52.3424 -22.6177 -18.9878 46.8865 -29.4768 23.2476 47.3677 7.21588 -12.727 -41.5182 -34.6994 48 77 44 12 73 85 48 5 30 29 59 98 60 62 24 19 80 41 2 
275.164 -28.7667 52.6114 2.29777 -4.34213 25.1837 -14.7113 -31.6114 46.57 -30.575 -4.21804 25.8719 48.8438 14.4392 47.5699 12.2843 -30.5324 -48.7888 -14.6294 8.78285 39.9692 38.3462 -16.2149 -6.83397 26.837 46.0206 31.9692 13.9615 -13.108 -10.4002 13.9683 95 40 69 92 57 48 10 80 26 83 89 40 8 23 38 57 93 31 10 
283.024 36.1775 39.1884 -0.133495 19.0403 74.5338 -36.8215 52.6648 24.6436 -27.5788 23.3605 -23.9023 -2.52053 37.8915 -17.279 8.67329 -37.3129 -2.88324 -9.67018 -16.6539 61.6947 31.7675 29.0458 50.1878 -9.86625 -3.34565 49.695 13.3932 6.86848 15.8456 -39.4317 77 45 38 29 62 5 80 20 5 90 13 91 38 70 21 67 29 71 80 
266.112 21.3643 -25.7345 -5.87481 51.5305 53.7388 -8.01761 40.1008 -39.1469 12.9936 1.87245 49.4032 21.8912 45.1827 -20.9562 -27.5028 -19.3519 9.29842 26.1272 -22.3369 -25.7591 3.87894 -46.6231 44.2489 7.1473 -23.0162 9.89164 26.0582 -21.0063 16.3649 -24.01 13 81 51 2 25 30 26 5 43 95 99 24 88 54 86 69 32 69 10 
299.17 65.9587 35.099 10.0271 8.92916 12.7131 14.2932 -43.1525 -2.01337 -54.6325 32.3881 -42.4744 21.6906 7.03059 -36.2075 -34.4339 39.5704 -58.6296 15.283 25.0739 9.24961 29.4299 -42.365 -27.3381 -38.8453 31.4325 24.2245 -7.31051 19.3171 37.7028 30.7895 33 61 76 68 33 29 83 90 95 73 30 33 63 87 79 94 49 99 51 
310.972 -14.1925 -20.7236 -33.0801 45.8166 42.3471 -40.8765 45.4968 50.4109 -22.5333 17.4574 8.08268 38.9893 21.4583 -6.21062 -5.45098 -35.6573 24.7664 38.6622 -26.5828 27.4282 38.959 -3.35745 30.8591 -30.3618 15.1092 21.2937 -36.7311 24.0332 -22.5493 25.4974 98 90 83 31 97 59 89 13 99 30 39 64 42 30 86 15 49 15 86 
262.364 38.0637 -3.1996 35.813 3.27682 45.9522 -44.5668 -28.4027 2.64272 -7.06855 52.2499 -2.51083 22.602 61.7433 9.15892 57.9417 -0.678345 -45.748 -16.7376 16.2154 53.8873 12.6685 -39.439 -18.1625 42.8269 49.1469 2.04038 8.63802 39.937 7.34873 -10.0675 49 23 19 2 96 98 40 91 24 33 64 81 11 34 33 87 22 87 73 
272.373 52.4559 -3.15328 -14.1959 31.292 49.993 -30.3354 39.4187 -31.7312 10.3495 49.9647 59.3288 -23.7556 -23.7583 64.5281 39.5571 -14.0308 37.5973 6.95178 -10.4053 18.1316 2.96181 39.0204 -21.9711 1.58393 -0.504116 -47.5312 2.96645 5.74555 -44.3064 18.569 55 50 33 74 18 60 8 38 88 63 42 11 43 19 42 54 44 24 39 
293.464 9.53875 11.0344 -14.2994 31.1886 -10.2525 -5.02619 -50.088 -8.02869 -13.5759 33.3468 -30.5786 -45.2794 -12.3526 -34.0877 14.7347 -17.8767 -22.4937 -10.077 -24.4814 -33.8182 -13.5376 46.1353 51.1658 8.58934 8.13442 -23.4212 13.4938 37.419 22.7621 -20.0375 55 0 43 7 41 62 23 70 54 87 30 34 19 59 63 18 53 12 69 
281.544 11.7088 3.08921 51.3772 -34.8055 55.8029 -27.1222 -6.93566 7.75894 13.4489 0.319065 19.5269 21.472 27.5334 5.81103 -20.04 43.4594 -6.99105 -2.70003 14.0494 -28.3561 -29.6364 12.6366 -11.6953 53.5815 -0.68848 51.8381 35.1514 -9.34178 29.6409 -0.473648 93 54 4 18 53 24 38 21 86 79 86 33 42 63 5 4 33 99 34 
259.847 -44.741 -16.5064 -20.669 11.9981 3.18995 3.70333 -15.9204 -38.6585 -36.6845 7.35149 49.0756 13.9637 25.4518 50.0757 55.1728 5.1436 -33.8136 -19.0643 25.2008 -19.8748 16.0915 47.6263 -9.41647 -16.0043 -32.8871 41.0386 55.2173 22.0065 -6.02359 -27.911 68 75 56 16 26 19 57 67 69 94 15 87 54 18 4 19 15 35 87 
226.345 8.17797 -13.7886 16.1061 -15.1449 21.5404 -3.54178 31.4991 8.42687 64.7327 -3.02772 4.98306 8.98121 -7.09913 -3.84434 43.9604 8.70142 26.1595 32.2082 12.7897 -6.83983 57.7342 38.3065 5.03202 -13.284 -5.22266 -26.3087 -20.7259 11.958 -26.7601 51.7271 56 64 81 83 74 80 93 29 32 49 49 22 44 53 33 15 53 69 50 
303.476 62.986 -12.1423 -0.928894 14.6337 70.8453 46.6165 37.378 -21.2969 40.1631 30.4244 0.314034 -46.0853 41.1956 -19.6693 49.0813 11.2801 -43.5777 -48.6185 21.0958 -35.6111 30.1213 15.5318 -19.8728 16.8965 -26.5591 -23.8063 3.2718 10.7146 -14.8091 34.044 60 42 75 77 80 41 31 71 69 99 15 87 24 12 99 35 69 87 2 
338.059 38.9261 8.77419 14.9383 -55.2069 22.1065 -47.2888 -52.945 -1.81606 45.3974 25.5803 45.7214 6.63771 17.9566 27.3649 -27.4222 -32.3861 -5.00955 -5.08128 23.6818 -8.27673 26.6458 -9.75745 42.2999 14.6472 0.759209 25.0276 15.0605 -50.0672 10.2256 26.4669 33 24 66 87 93 2 10 80 10 51 86 73 39 69 34 87 50 2 37 
