2552.24 -0.00200247 0.0131332 0.0263682 -0.05133 0.0567074 0.00981151 0.00533131 -0.0158756 -0.00478446 -0.0328037 -0.0308486 -0.00198939 0.0160956 -0.0231108 0.0491726 0.00220751 0.0364696 0.0243751 -0.0461024 0.0844574 0.0440567 0.0138593 -0.0322293 -0.0032529 -0.0432306 -0.015897 6.63439e-05 0.000873595 -0.0194887 0.0023835 0.0105658 0.00861459 0.00352522 0.0103007 0.00260564 -0.00506474 2.48567e-06 0.00702984 0.000834377 -0.00397767 -0.0039705 0.000362531 -0.00395718 0.00173301 0.00215628 0.00222616 -0.00316568 0.00190545 -0.00354028 
-0.00200247 -273.314 6.19844 -11.6759 8.09716 -3.90297 12.5273 -4.98863 -3.18598 -5.45208 5.1154 1.36173 -2.95716 12.2265 0.777084 -1.84351 -3.06789 5.33364 1.53472 1.69395 7.12082 4.16592 0.331785 1.04987 1.08118 -6.88371 -1.8226 1.871 0.211857 -2.30397 -1.00146 -1.841 -1.05491 -1.1643 -1.27266 -1.06411 -0.332185 0.259258 0.487585 -0.103294 0.164371 -0.416889 0.487287 0.493538 -0.0247257 0.512566 -0.0699092 0.237038 0.0510861 -0.0526552 
0.0131332 6.19844 -323.199 5.69637 -2.52626 4.17536 -5.63826 2.49129 -0.751191 2.33715 2.02376 -1.61464 -5.12317 1.81453 -5.68352 -3.66655 -1.21713 0.602773 1.04451 1.21862 1.33654 3.11621 -2.80467 -1.3894 -0.605316 -1.89222 1.10396 -2.11165 -1.79799 -0.734965 0.437807 0.489789 0.31592 0.500564 0.0637152 0.368273 -0.15236 0.234887 -0.400074 -0.207549 0.0544427 -0.167801 0.230604 -0.119229 -0.126656 0.0999627 0.141197 0.109596 0.192435 -0.408859 
0.0263682 -11.6759 5.69637 276.36 -10.6864 4.54391 -5.47427 -6.35458 1.9915 -1.90326 -8.9426 -2.38803 -5.91327 -2.79344 -4.08558 1.1716 -3.60887 3.39901 0.477589 5.78792 0.0275957 3.08761 -4.7485 -3.17654 0.720013 -3.70315 0.322806 -2.66523 -1.3392 -2.42124 0.962467 0.124037 0.379448 0.547514 0.336263 -0.197646 -0.423708 -0.0990707 0.136025 -0.414976 -0.254319 -0.581242 0.258708 -0.0134464 0.133051 0.0909053 0.237509 -0.460691 0.440579 -0.449846 
-0.05133 8.09716 -2.52626 -10.6864 -331.229 -2.26688 -3.42403 2.40389 -2.12601 3.1482 1.46269 3.25976 0.429 -0.968996 0.654145 -1.8542 -0.75377 -2.05096 -0.587851 2.23529 0.510696 -1.85567 -1.75274 0.612246 0.102251 1.04474 0.332568 0.339657 -0.244905 1.90473 -0.17755 -0.414258 0.155977 0.15939 0.639103 0.616013 0.263455 -0.114139 -0.128646 -0.22499 0.233074 0.252947 -0.176155 0.0415529 0.00710197 -0.17816 -0.0534261 0.102451 -0.128814 0.204447 
0.0567074 -3.90297 4.17536 4.54391 -2.26688 -263.603 8.09333 2.49115 4.01095 -6.1063 8.14914 -0.797667 -5.27608 -4.06415 11.2003 -11.401 -9.69842 -8.25563 -14.5948 13.0019 -13.0871 -11.4626 5.06603 4.70028 3.87988 8.01448 0.157258 4.03799 -0.97203 2.31268 -2.09953 -3.56382 -0.813564 -1.00757 0.0263665 -0.187894 -0.0184223 0.127512 -1.77355 -0.419137 0.775951 0.594403 0.614053 0.695108 -0.44094 -0.286933 0.0171837 0.938937 0.0313842 0.770555 
0.00981151 12.5273 -5.63826 -5.47427 -3.42403 8.09333 -279.952 -2.14166 7.92705 2.60284 -2.97336 -0.50775 3.7149 -9.60688 0.903522 1.50639 3.68128 -3.63353 -1.39173 0.338388 -12.6387 -4.74984 1.36114 1.31194 -0.462464 6.93069 2.02728 -1.49219 -0.30132 1.20616 0.234582 0.457249 1.05439 0.438004 -0.289582 0.601559 0.211402 0.23722 -0.440343 0.090272 0.10313 0.345678 -0.372796 0.0814476 -0.118667 -0.266984 -0.209187 -0.116184 -0.0870539 0.241522 
0.00533131 -4.98863 2.49129 -6.35458 2.40389 2.49115 -2.14166 -362.867 -0.322789 -0.371952 -0.533426 0.69374 1.63785 -0.903147 0.0416691 0.959412 0.91581 -0.349846 -0.435155 -0.927114 0.631577 -0.57952 -0.0662946 0.421813 -0.363828 0.0631177 -0.162741 -0.152157 0.552235 0.261538 0.0326739 0.308056 0.0204186 -0.0628536 0.139143 -0.1967 0.303579 -0.215492 0.0122772 0.245866 -0.0499079 0.141717 -0.0491661 0.0577893 0.00996597 -0.0832272 -0.00507989 -0.0584869 -0.0605398 0.0426714 
-0.0158756 -3.18598 -0.751191 1.9915 -2.12601 4.01095 7.92705 -0.322789 379.548 -0.0209962 -0.6026 -2.33269 -2.55882 -0.759703 -0.0955019 -0.599749 -2.29981 -0.0868427 0.393392 1.83008 -1.30364 -1.54769 -1.02762 0.61457 0.279365 0.34907 -0.0799122 -1.05221 -0.495336 -0.704205 0.256286 -0.594555 -0.0387047 -0.117219 -0.119211 -0.505207 0.00989152 0.127465 -0.0983242 -0.183786 0.0286884 -0.10536 0.13166 0.0875996 -0.0774677 0.0188097 0.0497949 0.0106467 0.100203 -0.0163077 
-0.00478446 -5.45208 2.33715 -1.90326 3.1482 -6.1063 2.60284 -0.371952 -0.0209962 323.013 4.66221 -0.34837 0.0172109 -1.41546 0.858987 -1.05103 0.670899 -1.33842 0.155186 -0.115664 -2.41174 -0.547377 0.940684 1.43629 -0.3988 2.08668 0.555173 0.311738 -5.01946e-05 0.167102 -0.130158 -0.224652 0.072691 0.364907 0.201241 0.542915 -0.0271106 0.430232 -0.0575529 -0.222063 0.0986254 0.0717925 -0.157913 0.0133729 -0.121348 -0.0291689 -0.0102147 0.0497818 -0.049857 0.0152093 
-0.0328037 5.1154 2.02376 -8.9426 1.46269 8.14914 -2.97336 -0.533426 -0.6026 4.66221 -287.973 0.310499 1.71617 -1.18712 -0.330758 0.983819 0.767834 -0.181381 1.8398 -0.795996 -0.850816 -0.472793 -0.0528033 -0.0271652 -0.0973303 0.736731 0.241598 -0.656328 0.479115 0.593922 0.0694477 0.20122 0.10639 -0.0449809 -0.148795 -0.269663 0.127333 -0.109292 0.0464569 -0.132711 -0.0422929 -0.010899 -0.127972 -0.0924598 0.0437863 -0.0507232 -0.0222748 -0.0660513 -0.0551959 0.0223721 
-0.0308486 1.36173 -1.61464 -2.38803 3.25976 -0.797667 -0.50775 0.69374 -2.33269 -0.34837 0.310499 312.915 6.76544 -0.760201 0.523246 -1.799 2.72807 -3.602 -0.845741 -3.4176 1.2782 -0.185519 1.11267 0.626186 -0.924576 3.24902 -0.240149 0.474285 1.03411 2.8165 -0.809137 0.429426 0.184159 0.0896218 0.423882 0.350565 0.485538 -0.257954 -0.234079 0.138244 0.0966468 0.42547 -0.362202 -0.266949 0.193772 -0.154125 -0.15895 0.129719 -0.150126 0.15477 
-0.00198939 -2.95716 -5.12317 -5.91327 0.429 -5.27608 3.7149 1.63785 -2.55882 0.0172109 1.71617 6.76544 220.188 -6.7796 -3.9466 -3.02761 -0.918993 0.986196 -1.20103 3.68387 4.23625 1.7368 -2.19236 -1.6645 -1.15854 0.886349 2.15226 1.37738 0.631642 2.17626 -1.02196 0.40858 -0.135839 -0.216043 0.661346 0.604554 0.557495 -0.795395 -0.58644 0.160478 0.5381 0.238132 0.0730329 0.125413 0.0536387 -0.219048 -0.0469232 0.0424952 -0.0351879 0.0919067 
0.0160956 12.2265 1.81453 -2.79344 -0.968996 -4.06415 -9.60688 -0.903147 -0.759703 -1.41546 -1.18712 -0.760201 -6.7796 251.764 -1.14474 -0.307085 -0.120768 11.8474 2.85483 2.48491 3.15977 4.68591 -1.62289 -3.85889 1.8279 -11.3526 -0.88198 -1.07186 0.764641 -2.5731 0.246832 0.552491 -0.715244 -0.348506 -1.32332 -0.400907 -0.39802 -0.293588 0.938173 0.195746 0.377491 -0.481809 0.187634 0.13508 -0.0464914 0.097424 0.103585 0.0119101 0.108197 -0.167723 
-0.0231108 0.777084 -5.68352 -4.08558 0.654145 11.2003 0.903522 0.0416691 -0.0955019 0.858987 -0.330758 0.523246 -3.9466 -1.14474 -199.154 3.07694 -1.28083 -2.05622 -13.1135 0.16326 -15.6439 -4.15019 -3.19713 0.400801 0.137989 -1.69904 2.18506 0.335203 -1.24632 0.46927 -0.23629 -0.244632 -0.605999 0.397196 0.909233 0.823814 0.00675793 0.537834 0.28536 -0.0407736 -0.0994951 0.11217 -0.10679 -0.019624 -0.0338155 -0.0320086 0.0597705 -0.198454 -0.026065 -0.0113697 
0.0491726 -1.84351 -3.66655 1.1716 -1.8542 -11.401 1.50639 0.959412 -0.599749 -1.05103 0.983819 -1.799 -3.02761 -0.307085 3.07694 263.905 -3.62751 6.85947 1.00206 -1.639 0.546816 2.53445 -0.231339 -3.6755 1.11991 -6.4365 -1.67676 0.853002 1.98737 -3.56798 1.30718 0.0818969 -0.347669 -0.214862 -0.960602 0.364551 -0.588103 -0.363994 0.636024 -0.0275602 0.0383853 -0.40964 0.371847 0.0546553 0.184706 0.0857494 0.0518645 0.00658044 0.0848155 -0.0356446 
0.00220751 -3.06789 -1.21713 -3.60887 -0.75377 -9.69842 3.68128 0.91581 -2.29981 0.670899 0.767834 2.72807 -0.918993 -0.120768 -1.28083 -3.62751 -224.524 -7.55397 -4.10131 -1.50273 -6.98388 -5.36915 0.295039 -1.06026 0.283866 6.55487 -0.7344 0.726859 1.36052 0.222855 -0.0755185 -0.350131 -0.647739 0.00111827 0.286697 -0.258499 0.128459 -0.0531128 -0.712432 -0.120609 -0.267517 0.226514 -0.202264 -0.178763 -0.00161758 -0.0559049 -0.0627176 -0.00732544 -0.0629602 0.0878199 
0.0364696 5.33364 0.602773 3.39901 -2.05096 -8.25563 -3.63353 -0.349846 -0.0868427 -1.33842 -0.181381 -3.602 0.986196 11.8474 -2.05622 6.85947 -7.55397 228.496 7.39909 -0.33003 1.951 15.2325 -5.08667 -11.0994 1.83781 -2.10528 0.803716 0.288572 -0.284758 -1.21121 0.316032 0.593163 -0.147043 0.497087 -0.575642 0.893914 -0.16326 0.113705 -0.0467561 0.14733 -0.120392 -0.0513671 0.0595181 0.0508219 -0.0384146 -0.00267431 0.00190794 0.0019111 0.00163845 0 
0.0243751 1.53472 1.04451 0.477589 -0.587851 -14.5948 -1.39173 -0.435155 0.393392 0.155186 1.8398 -0.845741 -1.20103 2.85483 -13.1135 1.00206 -4.10131 7.39909 -243.576 -0.0242542 0.13282 0 14.0109 -3.41513 4.67358 7.59541 -3.71054 -6.43507 5.30386 -5.22694 8.15376 0.0368637 2.91851 8.05127 2.1304 -1.01569 -5.22882 1.21884 -4.21714 8.04708 -2.19609 -1.32243 -1.27696 -2.38163 -4.55087 2.35451 1.89906 3.86677 -0.381321 -3.23131 
-0.0461024 1.69395 1.21862 5.78792 2.23529 13.0019 0.338388 -0.927114 1.83008 -0.115664 -0.795996 -3.4176 3.68387 2.48491 0.16326 -1.639 -1.50273 -0.33003 -0.0242542 269.735 1.28112 -0.848193 -1.05135 -7.18117 -1.81193 0.388414 -0.834145 -4.97788 -1.24328 8.28107 15.8286 3.12556 -2.03281 -1.75416 -0.58788 0.301424 -2.31869 -2.89416 11.2723 2.81563 -1.68476 1.45426 -3.33608 -1.90122 2.71616 -0.657985 0.893397 -4.12637 -2.1986 -3.47511 
0.0844574 7.12082 1.33654 0.0275957 0.510696 -13.0871 -12.6387 0.631577 -1.30364 -2.41174 -0.850816 1.2782 4.23625 3.15977 -15.6439 0.546816 -6.98388 1.951 0.13282 1.28112 97.814 2.7805 24.2175 11.4128 -2.70875 -0.479909 10.6904 2.57786 2.04945 -12.0152 -8.05199 -6.69033 8.07248 8.04863 19.0351 -4.46249 -7.9722 2.54394 -6.0801 -10.6104 6.75195 -1.56807 9.05911 15.4999 -10.5467 5.6549 -7.49358 0.863177 0.816719 -0.744662 
0.0440567 4.16592 3.11621 3.08761 -1.85567 -11.4626 -4.74984 -0.57952 -1.54769 -0.547377 -0.472793 -0.185519 1.7368 4.68591 -4.15019 2.53445 -5.36915 15.2325 0 -0.848193 2.7805 -141.307 12.086 -8.85429 0.520946 13.0829 2.16745 2.08154 -16.5529 -6.19686 -11.317 3.75322 13.4889 -2.48686 -8.85713 4.07033 3.39661 -0.812162 -11.1421 -0.667068 3.62285 13.5846 2.91186 -4.38451 -1.20455 1.52315 1.75903 -0.556198 -3.73828 -3.84031 
0.0138593 0.331785 -2.80467 -4.7485 -1.75274 5.06603 1.36114 -0.0662946 -1.02762 0.940684 -0.0528033 1.11267 -2.19236 -1.62289 -3.19713 -0.231339 0.295039 -5.08667 14.0109 -1.05135 24.2175 12.086 -242.699 3.38901 2.52349 -5.73987 -3.5247 -0.424493 -2.35002 -2.95815 -7.64292 3.45368 -0.447098 -7.84527 1.29521 -0.192789 1.93154 2.65451 -11.6455 -2.93012 3.34028 1.21094 -0.423159 -2.1853 -1.61446 0.587038 2.9463 4.6065 1.41195 2.59812 
-0.0322293 1.04987 -1.3894 -3.17654 0.612246 4.70028 1.31194 0.421813 0.61457 1.43629 -0.0271652 0.626186 -1.6645 -3.85889 0.400801 -3.6755 -1.06026 -11.0994 -3.41513 -7.18117 11.4128 -8.85429 3.38901 -153.105 -5.3963 -9.77726 -5.18626 2.32269 2.8627 4.34261 3.01774 5.3196 -8.67635 1.26095 1.5576 -9.82519 2.87679 0.273685 13.5943 4.6087 -6.72679 -10.6464 1.81843 -2.78816 4.342 -0.977312 0.191767 -4.94381 0.0377902 0.355288 
-0.0032529 1.08118 -0.605316 0.720013 0.102251 3.87988 -0.462464 -0.363828 0.279365 -0.3988 -0.0973303 -0.924576 -1.15854 1.8279 0.137989 1.11991 0.283866 1.83781 4.67358 -1.81193 -2.70875 0.520946 2.52349 -5.3963 -154.752 1.7201 2.02014 1.86379 -0.0897164 6.88081 -0.0696094 -0.836409 1.98667 -1.47348 -3.91965 3.39508 1.87056 2.32629 3.23246 -1.04208 2.69215 0.760743 -0.602614 2.56105 -0.026538 -4.85735 -0.413106 -3.74119 -1.50328 2.81187 
-0.0432306 -6.88371 -1.89222 -3.70315 1.04474 8.01448 6.93069 0.0631177 0.34907 2.08668 0.736731 3.24902 0.886349 -11.3526 -1.69904 -6.4365 6.55487 -2.10528 7.59541 0.388414 -0.479909 13.0829 -5.73987 -9.77726 1.7201 166.464 -11.1769 -0.92858 -0.823009 -7.68973 3.51994 9.54036 -1.01042 -0.445814 -5.9793 -1.89803 -3.23855 0.408726 1.74215 1.17204 -3.81426 -4.16391 1.29182 -2.16812 2.74568 2.92396 2.97475 3.94937 -4.11015 -0.570452 
-0.015897 -1.8226 1.10396 0.322806 0.332568 0.157258 2.02728 -0.162741 -0.0799122 0.555173 0.241598 -0.240149 2.15226 -0.88198 2.18506 -1.67676 -0.7344 0.803716 -3.71054 -0.834145 10.6904 2.16745 -3.5247 -5.18626 2.02014 -11.1769 135.921 -4.27043 -12.4852 12.1079 1.92303 5.34587 5.26623 -4.85439 -6.4667 4.66306 6.91398 0.58414 2.21715 -5.28634 -0.333889 0.828019 -1.64567 0.598683 -0.838052 -4.85667 -0.171659 -11.9206 -5.13351 0.488923 
6.63439e-05 1.871 -2.11165 -2.66523 0.339657 4.03799 -1.49219 -0.152157 -1.05221 0.311738 -0.656328 0.474285 1.37738 -1.07186 0.335203 0.853002 0.726859 0.288572 -6.43507 -4.97788 2.57786 2.08154 -0.424493 2.32269 1.86379 -0.92858 -4.27043 -141.836 -3.95797 -0.810775 -7.40453 -0.455994 -2.46676 -17.6162 2.15981 -2.41659 -2.12017 -0.272548 -10.324 0.354781 9.37338 -4.62914 1.83001 -2.11372 -3.50708 6.52699 2.74493 -1.30043 -0.060309 -2.84576 
0.000873595 0.211857 -1.79799 -1.3392 -0.244905 -0.97203 -0.30132 0.552235 -0.495336 -5.01946e-05 0.479115 1.03411 0.631642 0.764641 -1.24632 1.98737 1.36052 -0.284758 5.30386 -1.24328 2.04945 -16.5529 -2.35002 2.8627 -0.0897164 -0.823009 -12.4852 -3.95797 177.939 -5.10534 -3.15112 -7.31142 1.22748 -5.88026 -6.96818 2.32236 0.481561 6.8345 -0.496722 -0.472116 -0.887753 3.32587 0.648327 -0.178985 1.24029 -1.51747 1.83476 2.78368 -0.750882 0.933033 
-0.0194887 -2.30397 -0.734965 -2.42124 1.90473 2.31268 1.20616 0.261538 -0.704205 0.167102 0.593922 2.8165 2.17626 -2.5731 0.46927 -3.56798 0.222855 -1.21121 -5.22694 8.28107 -12.0152 -6.19686 -2.95815 4.34261 6.88081 -7.68973 12.1079 -0.810775 -5.10534 106.658 14.8616 -1.32578 -12.6493 5.33828 11.9965 -17.2042 -9.71713 0.021793 6.72453 2.80192 2.39605 -14.6985 2.6795 -6.91928 -2.55686 7.52468 -0.294319 4.03225 8.93938 -0.959763 
0.0023835 -1.00146 0.437807 0.962467 -0.17755 -2.09953 0.234582 0.0326739 0.256286 -0.130158 0.0694477 -0.809137 -1.02196 0.246832 -0.23629 1.30718 -0.0755185 0.316032 8.15376 15.8286 -8.05199 -11.317 -7.64292 3.01774 -0.0696094 3.51994 1.92303 -7.40453 -3.15112 14.8616 -129.783 -0.530598 1.37333 1.97089 -10.3698 4.88033 -1.22997 0.0225727 -2.16486 -0.92904 -2.32838 6.01853 -2.52759 -1.27951 -1.29495 -1.35072 0.199832 2.1922 -1.48984 1.17772 
0.0105658 -1.841 0.489789 0.124037 -0.414258 -3.56382 0.457249 0.308056 -0.594555 -0.224652 0.20122 0.429426 0.40858 0.552491 -0.244632 0.0818969 -0.350131 0.593163 0.0368637 3.12556 -6.69033 3.75322 3.45368 5.3196 -0.836409 9.54036 5.34587 -0.455994 -7.31142 -1.32578 -0.530598 -170.671 2.21967 0.429967 -1.42202 3.49876 -1.54517 2.82981 -6.1194 -4.47043 0.442156 2.16543 -0.336047 1.61533 -2.90967 0.29607 -1.36463 -0.678419 -0.292622 -0.828646 
0.00861459 -1.05491 0.31592 0.379448 0.155977 -0.813564 1.05439 0.0204186 -0.0387047 0.072691 0.10639 0.184159 -0.135839 -0.715244 -0.605999 -0.347669 -0.647739 -0.147043 2.91851 -2.03281 8.07248 13.4889 -0.447098 -8.67635 1.98667 -1.01042 5.26623 -2.46676 1.22748 -12.6493 1.37333 2.21967 -72.1483 11.3189 1.88846 2.13176 -9.82407 -9.74071 5.94187 4.38492 -1.76255 5.0386 -7.1743 -2.53432 -2.81353 14.5568 -0.606325 10.6226 4.32139 2.48422 
0.00352522 -1.1643 0.500564 0.547514 0.15939 -1.00757 0.438004 -0.0628536 -0.117219 0.364907 -0.0449809 0.0896218 -0.216043 -0.348506 0.397196 -0.214862 0.00111827 0.497087 8.05127 -1.75416 8.04863 -2.48686 -7.84527 1.26095 -1.47348 -0.445814 -4.85439 -17.6162 -5.88026 5.33828 1.97089 0.429967 11.3189 -96.7595 -0.869698 -0.0717063 -1.9813 -0.0815444 -4.69239 5.71539 -1.68472 0.435756 2.3802 -5.04225 1.93015 0.657596 2.11613 -1.9478 0.0167435 -3.69734 
0.0103007 -1.27266 0.0637152 0.336263 0.639103 0.0263665 -0.289582 0.139143 -0.119211 0.201241 -0.148795 0.423882 0.661346 -1.32332 0.909233 -0.960602 0.286697 -0.575642 2.1304 -0.58788 19.0351 -8.85713 1.29521 1.5576 -3.91965 -5.9793 -6.4667 2.15981 -6.96818 11.9965 -10.3698 -1.42202 1.88846 -0.869698 154.949 -11.4918 -5.18709 -0.350853 -2.24599 2.14523 2.5589 -9.71984 3.42647 -3.23034 -1.61771 6.0684 4.85883 -2.98134 4.83805 -2.63531 
0.00260564 -1.06411 0.368273 -0.197646 0.616013 -0.187894 0.601559 -0.1967 -0.505207 0.542915 -0.269663 0.350565 0.604554 -0.400907 0.823814 0.364551 -0.258499 0.893914 -1.01569 0.301424 -4.46249 4.07033 -0.192789 -9.82519 3.39508 -1.89803 4.66306 -2.41659 2.32236 -17.2042 4.88033 3.49876 2.13176 -0.0717063 -11.4918 -66.4089 -2.17172 -6.88624 -11.9537 3.94739 1.15545 -6.35656 4.76336 -9.03741 0.453128 3.68149 1.38746 -2.48222 0.913583 -7.07748 
-0.00506474 -0.332185 -0.15236 -0.423708 0.263455 -0.0184223 0.211402 0.303579 0.00989152 -0.0271106 0.127333 0.485538 0.557495 -0.39802 0.00675793 -0.588103 0.128459 -0.16326 -5.22882 -2.31869 -7.9722 3.39661 1.93154 2.87679 1.87056 -3.23855 6.91398 -2.12017 0.481561 -9.71713 -1.22997 -1.54517 -9.82407 -1.9813 -5.18709 -2.17172 -56.472 -0.169598 2.83615 -4.80198 -4.6956 1.23175 4.16755 -0.752901 -2.58239 2.09006 -3.04706 -3.00199 0.575028 -2.28691 
2.48567e-06 0.259258 0.234887 -0.0990707 -0.114139 0.127512 0.23722 -0.215492 0.127465 0.430232 -0.109292 -0.257954 -0.795395 -0.293588 0.537834 -0.363994 -0.0531128 0.113705 1.21884 -2.89416 2.54394 -0.812162 2.65451 0.273685 2.32629 0.408726 0.58414 -0.272548 6.8345 0.021793 0.0225727 2.82981 -9.74071 -0.0815444 -0.350853 -6.88624 -0.169598 -21.5958 0.0566261 11.5156 -1.58964 -1.69152 0.984426 -6.47261 2.48077 0.636692 0.512899 -0.401971 -1.09413 -3.66545 
0.00702984 0.487585 -0.400074 0.136025 -0.128646 -1.77355 -0.440343 0.0122772 -0.0983242 -0.0575529 0.0464569 -0.234079 -0.58644 0.938173 0.28536 0.636024 -0.712432 -0.0467561 -4.21714 11.2723 -6.0801 -11.1421 -11.6455 13.5943 3.23246 1.74215 2.21715 -10.324 -0.496722 6.72453 -2.16486 -6.1194 5.94187 -4.69239 -2.24599 -11.9537 2.83615 0.0566261 132.98 4.40493 -0.381751 -3.61159 -0.299406 -2.45265 1.043 -0.875342 1.23936 1.30228 0.130879 -0.0147372 
0.000834377 -0.103294 -0.207549 -0.414976 -0.22499 -0.419137 0.090272 0.245866 -0.183786 -0.222063 -0.132711 0.138244 0.160478 0.195746 -0.0407736 -0.0275602 -0.120609 0.14733 8.04708 2.81563 -10.6104 -0.667068 -2.93012 4.6087 -1.04208 1.17204 -5.28634 0.354781 -0.472116 2.80192 -0.92904 -4.47043 4.38492 5.71539 2.14523 3.94739 -4.80198 11.5156 4.40493 -17.6734 0.703318 4.93071 -1.72641 4.7869 -6.12098 -0.762216 -3.62883 -2.4688 -3.08688 -3.51638 
-0.00397767 0.164371 0.0544427 -0.254319 0.233074 0.775951 0.10313 -0.0499079 0.0286884 0.0986254 -0.0422929 0.0966468 0.5381 0.377491 -0.0994951 0.0383853 -0.267517 -0.120392 -2.19609 -1.68476 6.75195 3.62285 3.34028 -6.72679 2.69215 -3.81426 -0.333889 9.37338 -0.887753 2.39605 -2.32838 0.442156 -1.76255 -1.68472 2.5589 1.15545 -4.6956 -1.58964 -0.381751 0.703318 132.518 -2.30241 1.96912 -1.28607 0.593726 0.856641 1.05158 -2.55244 -0.3501 -1.36554 
-0.0039705 -0.416889 -0.167801 -0.581242 0.252947 0.594403 0.345678 0.141717 -0.10536 0.0717925 -0.010899 0.42547 0.238132 -0.481809 0.11217 -0.40964 0.226514 -0.0513671 -1.32243 1.45426 -1.56807 13.5846 1.21094 -10.6464 0.760743 -4.16391 0.828019 -4.62914 3.32587 -14.6985 6.01853 2.16543 5.0386 0.435756 -9.71984 -6.35656 1.23175 -1.69152 -3.61159 4.93071 -2.30241 -87.1202 1.27666 0.551516 -0.909055 1.56014 -0.491561 -2.59869 -0.563595 -2.29939 
0.000362531 0.487287 0.230604 0.258708 -0.176155 0.614053 -0.372796 -0.0491661 0.13166 -0.157913 -0.127972 -0.362202 0.0730329 0.187634 -0.10679 0.371847 -0.202264 0.0595181 -1.27696 -3.33608 9.05911 2.91186 -0.423159 1.81843 -0.602614 1.29182 -1.64567 1.83001 0.648327 2.6795 -2.52759 -0.336047 -7.1743 2.3802 3.42647 4.76336 4.16755 0.984426 -0.299406 -1.72641 1.96912 1.27666 45.7122 -0.67926 -1.77562 -0.667655 -6.8364 2.11778 0.105686 -0.956143 
-0.00395718 0.493538 -0.119229 -0.0134464 0.0415529 0.695108 0.0814476 0.0577893 0.0875996 0.0133729 -0.0924598 -0.266949 0.125413 0.13508 -0.019624 0.0546553 -0.178763 0.0508219 -2.38163 -1.90122 15.4999 -4.38451 -2.1853 -2.78816 2.56105 -2.16812 0.598683 -2.11372 -0.178985 -6.91928 -1.27951 1.61533 -2.53432 -5.04225 -3.23034 -9.03741 -0.752901 -6.47261 -2.45265 4.7869 -1.28607 0.551516 -0.67926 74.2378 -1.43924 0.255926 -6.31007 -1.85093 -0.576481 -0.820456 
0.00173301 -0.0247257 -0.126656 0.133051 0.00710197 -0.44094 -0.118667 0.00996597 -0.0774677 -0.121348 0.0437863 0.193772 0.0536387 -0.0464914 -0.0338155 0.184706 -0.00161758 -0.0384146 -4.55087 2.71616 -10.5467 -1.20455 -1.61446 4.342 -0.026538 2.74568 -0.838052 -3.50708 1.24029 -2.55686 -1.29495 -2.90967 -2.81353 1.93015 -1.61771 0.453128 -2.58239 2.48077 1.043 -6.12098 0.593726 -0.909055 -1.77562 -1.43924 69.7744 0.949672 1.28366 2.63206 1.61382 -0.23113 
0.00215628 0.512566 0.0999627 0.0909053 -0.17816 -0.286933 -0.266984 -0.0832272 0.0188097 -0.0291689 -0.0507232 -0.154125 -0.219048 0.097424 -0.0320086 0.0857494 -0.0559049 -0.00267431 2.35451 -0.657985 5.6549 1.52315 0.587038 -0.977312 -4.85735 2.92396 -4.85667 6.52699 -1.51747 7.52468 -1.35072 0.29607 14.5568 0.657596 6.0684 3.68149 2.09006 0.636692 -0.875342 -0.762216 0.856641 1.56014 -0.667655 0.255926 0.949672 -9.49772 0.93463 1.23044 -0.409416 0.271775 
0.00222616 -0.0699092 0.141197 0.237509 -0.0534261 0.0171837 -0.209187 -0.00507989 0.0497949 -0.0102147 -0.0222748 -0.15895 -0.0469232 0.103585 0.0597705 0.0518645 -0.0627176 0.00190794 1.89906 0.893397 -7.49358 1.75903 2.9463 0.191767 -0.413106 2.97475 -0.171659 2.74493 1.83476 -0.294319 0.199832 -1.36463 -0.606325 2.11613 4.85883 1.38746 -3.04706 0.512899 1.23936 -3.62883 1.05158 -0.491561 -6.8364 -6.31007 1.28366 0.93463 -27.4651 -0.687269 -0.0221326 0.0804792 
-0.00316568 0.237038 0.109596 -0.460691 0.102451 0.938937 -0.116184 -0.0584869 0.0106467 0.0497818 -0.0660513 0.129719 0.0424952 0.0119101 -0.198454 0.00658044 -0.00732544 0.0019111 3.86677 -4.12637 0.863177 -0.556198 4.6065 -4.94381 -3.74119 3.94937 -11.9206 -1.30043 2.78368 4.03225 2.1922 -0.678419 10.6226 -1.9478 -2.98134 -2.48222 -3.00199 -0.401971 1.30228 -2.4688 -2.55244 -2.59869 2.11778 -1.85093 2.63206 1.23044 -0.687269 98.5234 -0.0444594 0.131752 
0.00190545 0.0510861 0.192435 0.440579 -0.128814 0.0313842 -0.0870539 -0.0605398 0.100203 -0.049857 -0.0551959 -0.150126 -0.0351879 0.108197 -0.026065 0.0848155 -0.0629602 0.00163845 -0.381321 -2.1986 0.816719 -3.73828 1.41195 0.0377902 -1.50328 -4.11015 -5.13351 -0.060309 -0.750882 8.93938 -1.48984 -0.292622 4.32139 0.0167435 4.83805 0.913583 0.575028 -1.09413 0.130879 -3.08688 -0.3501 -0.563595 0.105686 -0.576481 1.61382 -0.409416 -0.0221326 -0.0444594 20.4162 0.140934 
-0.00354028 -0.0526552 -0.408859 -0.449846 0.204447 0.770555 0.241522 0.0426714 -0.0163077 0.0152093 0.0223721 0.15477 0.0919067 -0.167723 -0.0113697 -0.0356446 0.0878199 0 -3.23131 -3.47511 -0.744662 -3.84031 2.59812 0.355288 2.81187 -0.570452 0.488923 -2.84576 0.933033 -0.959763 1.17772 -0.828646 2.48422 -3.69734 -2.63531 -7.07748 -2.28691 -3.66545 -0.0147372 -3.51638 -1.36554 -2.29939 -0.956143 -0.820456 -0.23113 0.271775 0.0804792 0.131752 0.140934 53.6126 
