2552.24 -0.00200247 0.0131332 0.0263682 -0.05133 0.0567074 0.00981151 0.00533131 -0.0158756 -0.00478446 -0.0328037 -0.0308486 -0.00198939 0.0160956 -0.0231108 0.0491726 0.00220751 0.0364696 0.00649859 -0.0449043 0.0370645 0.0446249 0.0170096 -0.00712092 -0.00301649 -0.0354882 -0.0163944 -0.0216769 -0.00623039 -0.0689863 -0.0247533 0.0195792 0.0172296 -0.00401445 0.0138044 0.0112521 -0.00113368 -0.00100173 -0.00644395 0.0035998 -0.00926805 0.00829966 -0.0105743 -0.0315423 0.0166543 3.31532e-05 0.00671554 0.0123463 -0.00242818 -0.00466393 
-0.00200247 -273.314 6.19844 -11.6759 8.09716 -3.90297 12.5273 -4.98863 -3.18598 -5.45208 5.1154 1.36173 -2.95716 12.2265 0.777084 -1.84351 -3.06789 5.33364 1.19885 1.52542 3.66305 2.75311 0.532288 1.30709 -0.0470279 -4.89722 -2.84927 0.626292 -0.781873 -6.76769 -3.38621 -2.3608 -0.423876 -1.5966 -1.71663 -0.388974 0.141388 0.242487 -2.33701 0.0772319 -1.0558 0.393086 -0.448401 -2.11869 1.55467 0.249459 0.334697 1.86512 -0.415265 -0.0424308 
0.0131332 6.19844 -323.199 5.69637 -2.52626 4.17536 -5.63826 2.49129 -0.751191 2.33715 2.02376 -1.61464 -5.12317 1.81453 -5.68352 -3.66655 -1.21713 0.602773 2.54861 1.23288 0.18749 2.35259 -1.72938 -0.120511 -1.08109 -1.1724 0.361292 -2.90846 -2.46507 -1.52347 -0.636256 0.370869 0.747195 0.458234 -0.454345 0.579857 -0.114876 0.223306 -0.391167 -0.154063 0.151316 0.335523 0.213875 -0.279126 -0.051525 0.0960936 0.169663 0.304793 0.100535 -0.462947 
0.0263682 -11.6759 5.69637 276.36 -10.6864 4.54391 -5.47427 -6.35458 1.9915 -1.90326 -8.9426 -2.38803 -5.91327 -2.79344 -4.08558 1.1716 -3.60887 3.39901 3.3108 5.78799 -1.06346 3.42661 -3.52983 -0.849802 0.768397 -2.20912 -0.537592 -3.68082 -2.05366 -2.21461 -0.549587 0.551004 1.02153 0.530705 -1.15019 0.0903406 -0.508285 0.00845857 -1.35678 -0.631944 -0.939181 0.0977716 0.665624 0.946519 -0.409072 0.106638 0.0990015 -0.808909 0.345427 -0.417743 
-0.05133 8.09716 -2.52626 -10.6864 -331.229 -2.26688 -3.42403 2.40389 -2.12601 3.1482 1.46269 3.25976 0.429 -0.968996 0.654145 -1.8542 -0.75377 -2.05096 0.837007 2.28892 0.652675 -1.71787 -1.44869 -0.407217 0.499258 0.0890448 0.624201 0.947494 -0.0531942 1.29695 0.828973 -0.318965 -0.0904275 0.321754 1.10931 0.585232 0.307709 -0.176928 0.545149 -0.138953 0.703725 -0.0739632 -0.325393 -0.3966 0.317702 -0.207596 -0.0613822 0.493863 -0.0912928 0.251619 
0.0567074 -3.90297 4.17536 4.54391 -2.26688 -263.603 8.09333 2.49115 4.01095 -6.1063 8.14914 -0.797667 -5.27608 -4.06415 11.2003 -11.401 -9.69842 -8.25563 -13.4831 12.481 -6.24774 -11.156 -4.4757 0.344594 5.1408 6.37065 1.75836 8.36736 1.11524 10.3906 2.44393 -3.81182 -2.82363 -0.351771 0.240357 -1.59693 -0.425621 0.4043 -0.931722 -1.39697 1.49593 -1.99481 2.44618 5.41883 -2.79273 -0.108361 -0.814886 -1.62129 0.892499 1.31995 
0.00981151 12.5273 -5.63826 -5.47427 -3.42403 8.09333 -279.952 -2.14166 7.92705 2.60284 -2.97336 -0.50775 3.7149 -9.60688 0.903522 1.50639 3.68128 -3.63353 -2.07374 0.291943 -6.32994 -4.22962 1.18228 0.0851794 -0.0305147 5.96575 2.22162 0.374987 0.823274 9.08219 3.18596 0.0633395 0.118581 1.22245 -0.80622 -0.598062 -0.53404 0.415265 1.59038 -0.345008 0.625832 -1.00437 1.35796 4.7199 -2.82573 0.142043 -0.843126 -2.97924 0.551511 0.283912 
0.00533131 -4.98863 2.49129 -6.35458 2.40389 2.49115 -2.14166 -362.867 -0.322789 -0.371952 -0.533426 0.69374 1.63785 -0.903147 0.0416691 0.959412 0.91581 -0.349846 -0.244837 -0.9041 0.435329 -0.587321 -0.33483 0.0326456 -0.322809 -0.232426 0.0236771 0.106957 0.577977 -0.138295 0.468851 0.256793 -0.0828934 -0.0393516 0.261459 -0.215365 0.343688 -0.259302 0.177744 0.289851 -0.0264735 0.0524971 -0.166999 -0.244804 0.215595 -0.0971531 0.0212668 0.116113 -0.0818461 0.0328189 
-0.0158756 -3.18598 -0.751191 1.9915 -2.12601 4.01095 7.92705 -0.322789 379.548 -0.0209962 -0.6026 -2.33269 -2.55882 -0.759703 -0.0955019 -0.599749 -2.29981 -0.0868427 0.944799 1.7845 -0.844011 -1.16488 -0.319742 0.00373167 0.593183 0.573428 -0.0983907 -0.421563 -0.235701 0.268971 1.4251 -0.687173 -0.239367 0.133147 -0.225647 -0.706119 -0.113929 0.167395 -0.329373 -0.253441 -0.116052 -0.437332 0.392828 0.765738 -0.443926 0.0655824 -0.0645126 -0.368572 0.184059 0.0189496 
-0.00478446 -5.45208 2.33715 -1.90326 3.1482 -6.1063 2.60284 -0.371952 -0.0209962 323.013 4.66221 -0.34837 0.0172109 -1.41546 0.858987 -1.05103 0.670899 -1.33842 -0.503651 -0.16735 -1.24439 -0.978362 1.03477 0.62611 -0.777069 1.58795 0.656418 0.794014 0.283867 1.665 0.347357 -0.763519 -0.153983 0.544803 0.279901 0.228373 -0.163093 0.466175 0.622798 -0.266365 0.349039 -0.252906 0.187294 0.89359 -0.657184 0.0682621 -0.115306 -0.512597 0.0962662 0.00898341 
-0.0328037 5.1154 2.02376 -8.9426 1.46269 8.14914 -2.97336 -0.533426 -0.6026 4.66221 -287.973 0.310499 1.71617 -1.18712 -0.330758 0.983819 0.767834 -0.181381 1.30771 -0.743737 -0.215783 -0.179778 1.28716 0.0438798 0.0449427 0.463382 0.353366 -0.62225 0.573245 0.996803 0.558889 0.210389 0.0576691 0.0705995 -0.0958727 -0.341085 0.046866 -0.108248 0.453295 -0.0592302 0.114584 -0.107231 -0.0930985 0.0406531 -0.0818458 -0.0146911 -0.0285813 -0.160959 -0.0195479 -0.00846699 
-0.0308486 1.36173 -1.61464 -2.38803 3.25976 -0.797667 -0.50775 0.69374 -2.33269 -0.34837 0.310499 312.915 6.76544 -0.760201 0.523246 -1.799 2.72807 -3.602 -1.28779 -3.30888 1.45472 -1.05404 0.248043 0.00315734 -1.05932 1.70165 1.00743 0.546874 1.54144 1.74088 -0.488182 0.30199 -0.0106778 -0.0178077 1.88383 0.365955 0.650581 -0.388181 1.31388 0.349938 1.06124 0.301945 -0.833743 -1.49033 0.843875 -0.201063 -0.0277483 0.713446 -0.120957 0.10801 
-0.00198939 -2.95716 -5.12317 -5.91327 0.429 -5.27608 3.7149 1.63785 -2.55882 0.0172109 1.71617 6.76544 220.188 -6.7796 -3.9466 -3.02761 -0.918993 0.986196 0.767582 3.71107 2.3534 0.753595 -2.57694 -1.50854 -0.87294 -0.860745 2.36024 0.511119 -0.0802705 -0.938651 -2.35879 0.919683 0.0390751 -0.383056 1.15338 0.968026 0.801136 -0.950426 1.56304 0.417604 2.11656 0.567463 -0.447289 -1.51538 1.04097 -0.30595 0.120726 1.43738 -0.0845587 0.107638 
0.0160956 12.2265 1.81453 -2.79344 -0.968996 -4.06415 -9.60688 -0.903147 -0.759703 -1.41546 -1.18712 -0.760201 -6.7796 251.764 -1.14474 -0.307085 -0.120768 11.8474 3.11713 2.48065 0.915575 5.37195 -0.0273752 -0.132085 1.59144 -8.22275 -3.62974 -3.3217 -1.24291 -4.87251 -2.76978 1.38656 0.355685 -0.777559 -4.33861 0.426095 -0.241958 -0.192076 -3.04899 0.120614 -2.03185 0.798968 -0.083956 -0.466237 0.384861 -0.0474396 0.285538 0.568923 -0.417679 -0.168276 
-0.0231108 0.777084 -5.68352 -4.08558 0.654145 11.2003 0.903522 0.0416691 -0.0955019 0.858987 -0.330758 0.523246 -3.9466 -1.14474 -199.154 3.07694 -1.28083 -2.05622 -7.04491 0.0479445 -8.79972 -3.75691 -9.8394 -1.46234 0.458779 -1.02992 -0.506157 2.50499 -1.7719 10.2206 1.55053 -0.14952 -1.50169 1.04331 -3.23299 -0.251147 -0.76178 0.684333 -0.502344 -1.15176 -2.16874 -0.910491 2.2175 6.46757 -3.39453 0.370284 -0.941702 -4.1317 0.363393 0.119345 
0.0491726 -1.84351 -3.66655 1.1716 -1.8542 -11.401 1.50639 0.959412 -0.599749 -1.05103 0.983819 -1.799 -3.02761 -0.307085 3.07694 263.905 -3.62751 6.85947 0.702577 -1.68789 -0.795794 4.43215 0.194527 -1.28231 1.56193 -4.08759 -2.80789 -0.709808 1.07291 -3.5835 -1.2826 1.29032 0.468789 -0.642877 -3.00451 0.878115 -0.660123 -0.253995 -2.30197 -0.256367 -1.85664 0.589413 0.495758 0.597276 -0.121639 0.0581905 0.0703024 -0.403944 -0.191862 -0.0743906 
0.00220751 -3.06789 -1.21713 -3.60887 -0.75377 -9.69842 3.68128 0.91581 -2.29981 0.670899 0.767834 2.72807 -0.918993 -0.120768 -1.28083 -3.62751 -224.524 -7.55397 -3.28133 -1.5638 -3.71171 -3.43703 -1.68384 -2.24113 2.17195 5.46458 1.29896 1.98527 2.95229 5.12684 2.16426 0.716991 -1.37042 0.308406 1.01481 -0.882348 -0.338404 0.00950108 0.568477 -0.507003 0.307257 -0.666605 0.744107 2.54954 -1.56797 0.140294 -0.504736 -1.81829 0.402216 0.154494 
0.0364696 5.33364 0.602773 3.39901 -2.05096 -8.25563 -3.63353 -0.349846 -0.0868427 -1.33842 -0.181381 -3.602 0.986196 11.8474 -2.05622 6.85947 -7.55397 228.496 8.25087 -0.178422 0.453016 14.7602 -0.0687644 -2.33916 0.87122 -0.128172 0.667614 -6.11782 -1.54762 -2.48182 -9.14839 2.22836 2.49348 -0.612193 -1.24758 2.38719 -0.148668 0.287402 -0.32025 0.200955 0.478673 3.08224 0.00762253 -0.283967 -0.184487 -0.115939 0.261228 0.31181 -0.310582 -0.240483 
0.00649859 1.19885 2.54861 3.3108 0.837007 -13.4831 -2.07374 -0.244837 0.944799 -0.503651 1.30771 -1.28779 0.767582 3.11713 -7.04491 0.702577 -3.28133 8.25087 -260.113 -1.45785 -9.42063 -3.82418 1.40583 -1.83321 2.28303 1.07915 -0.885516 3.38011 0.967482 7.919 2.93593 1.17596 -2.05384 0.764076 -3.95545 -1.50475 -1.15636 -0.14507 -1.5238 -0.782131 -2.19165 -1.40684 2.35245 6.77776 -3.86286 0.56433 -0.892211 -4.24862 0.511145 0.0279512 
-0.0449043 1.52542 1.23288 5.78799 2.28892 12.481 0.291943 -0.9041 1.7845 -0.16735 -0.743737 -3.30888 3.71107 2.48065 0.0479445 -1.68789 -1.5638 -0.178422 -1.45785 272.347 -1.0892 -1.7244 -0.99901 0.851991 0.215696 -0.157337 0.463776 -0.224763 -0.702249 2.45376 1.18025 -1.2135 0.15363 0.220757 -0.716287 -0.96845 0.11753 0.307099 0.616683 -0.0334939 0.0237784 -0.389212 0.224831 0.823612 -0.448461 0.0217897 -0.130489 -0.445121 0.0720838 0.0192568 
0.0370645 3.66305 0.18749 -1.06346 0.652675 -6.24774 -6.32994 0.435329 -0.844011 -1.24439 -0.215783 1.45472 2.3534 0.915575 -8.79972 -0.795794 -3.71171 0.453016 -9.42063 -1.0892 89.5975 -2.04777 -5.46392 4.41033 3.98839 -6.09493 5.50185 1.31341 -5.93161 -8.41609 2.56675 0.931399 -4.78642 -1.48862 1.09058 -1.97116 3.70427 -3.96638 3.39194 5.35087 3.12152 1.69036 -0.994182 1.00206 -0.888427 -0.772935 0.0331262 0.855021 -0.0959863 0.0844607 
0.0446249 2.75311 2.35259 3.42661 -1.71787 -11.156 -4.22962 -0.587321 -1.16488 -0.978362 -0.179778 -1.05404 0.753595 5.37195 -3.75691 4.43215 -3.43703 14.7602 -3.82418 -1.7244 -2.04777 -155.531 0.783776 0.59799 1.37873 -0.472209 -1.00984 -1.23268 -1.37104 16.5906 3.80626 -1.83132 0.0107496 0.0920894 4.48013 0.584004 -0.0906367 0.446192 0.542553 -1.03603 0.119354 -0.0622278 -0.00701868 -0.0164746 0.129146 -0.0856165 0.0150241 -0.047209 -0.0481223 0.0308611 
0.0170096 0.532288 -1.72938 -3.52983 -1.44869 -4.4757 1.18228 -0.33483 -0.319742 1.03477 1.28716 0.248043 -2.57694 -0.0273752 -9.8394 0.194527 -1.68384 -0.0687644 1.40583 -0.99901 -5.46392 0.783776 -232.588 0.464236 0.24872 -0.522289 -0.0542361 -0.438637 0.0099765 -0.712754 0.34625 -0.300574 -0.20295 -0.222854 -1.02639 -0.568325 0.22734 -0.243633 -0.293572 0.0691928 -0.1369 -0.00711498 0.0873917 0.191381 -0.0387352 -0.052392 0.00399111 0.0119036 -0.0248385 0.00652877 
-0.00712092 1.30709 -0.120511 -0.849802 -0.407217 0.344594 0.0851794 0.0326456 0.00373167 0.62611 0.0438798 0.00315734 -1.50854 -0.132085 -1.46234 -1.28231 -2.24113 -2.33916 -1.83321 0.851991 4.41033 0.59799 0.464236 -159.788 -1.77402 3.56366 1.64642 0.393366 -2.85764 0.951433 -0.927124 0.208793 0.961276 -0.0473693 1.46304 0.19071 0.0244724 -0.256424 1.56505 0.279014 1.15992 -0.0259844 0.00732831 -0.248769 0.0820709 0.0616353 -0.00644782 -0.0249163 0.169954 -0.0405665 
-0.00301649 -0.0470279 -1.08109 0.768397 0.499258 5.1408 -0.0305147 -0.322809 0.593183 -0.777069 0.0449427 -1.05932 -0.87294 1.59144 0.458779 1.56193 2.17195 0.87122 2.28303 0.215696 3.98839 1.37873 0.24872 -1.77402 -152.113 -1.44473 -0.953316 0.300042 1.33992 -0.114662 0.276164 -0.460424 0.560197 0.374738 0.908476 0.701797 0.140872 0.397389 -0.847102 -0.136914 -0.48977 0.127925 -0.052204 -0.0779183 0.0999997 -0.00140046 0.00629456 -0.0149391 -0.0789294 0.00538863 
-0.0354882 -4.89722 -1.1724 -2.20912 0.0890448 6.37065 5.96575 -0.232426 0.573428 1.58795 0.463382 1.70165 -0.860745 -8.22275 -1.02992 -4.08759 5.46458 -0.128172 1.07915 -0.157337 -6.09493 -0.472209 -0.522289 3.56366 -1.44473 175.091 2.61269 -1.66738 3.39762 0.578108 2.07623 -0.58889 0.687198 0.529561 -1.29452 -0.490952 0.158325 0.184158 2.70954 0.0298014 1.14432 -0.133064 0.0378965 -0.128469 0.120619 0.0886356 -0.0238286 0.220223 0.0748717 -0.014195 
-0.0163944 -2.84927 0.361292 -0.537592 0.624201 1.75836 2.22162 0.0236771 -0.0983907 0.656418 0.353366 1.00743 2.36024 -3.62974 -0.506157 -2.80789 1.29896 0.667614 -0.885516 0.463776 5.50185 -1.00984 -0.0542361 1.64642 -0.953316 2.61269 131.48 -0.456188 -1.14416 -5.11913 -3.01165 4.94554 -3.15396 2.5849 -0.341306 6.95396 0.39716 0.525408 0.428354 -0.197349 0.283765 0.171963 -0.0123549 0.628143 -0.49671 -0.0875318 0.0228733 -0.0341783 0.000907669 0 
-0.0216769 0.626292 -2.90846 -3.68082 0.947494 8.36736 0.374987 0.106957 -0.421563 0.794014 -0.62225 0.546874 0.511119 -3.3217 2.50499 -0.709808 1.98527 -6.11782 3.38011 -0.224763 1.31341 -1.23268 -0.438637 0.393366 0.300042 -1.66738 -0.456188 -142.057 -0.310416 2.58808 -0.0126774 0 -7.59397 -15.4525 2.2161 -4.81663 -1.63326 -0.269064 -2.31115 1.34224 5.89602 -9.3 0.977509 -2.01493 -1.48914 4.93027 2.18502 -2.36692 0.094181 -1.46656 
-0.00623039 -0.781873 -2.46507 -2.05366 -0.0531942 1.11524 0.823274 0.577977 -0.235701 0.283867 0.573245 1.54144 -0.0802705 -1.24291 -1.7719 1.07291 2.95229 -1.54762 0.967482 -0.702249 -5.93161 -1.37104 0.0099765 -2.85764 1.33992 3.39762 -1.14416 -0.310416 182.535 -7.56904 -1.45713 -6.06049 -1.56542 -3.57732 -6.02261 -0.0169287 -2.6491 6.30368 -1.0249 1.6121 -2.40506 1.13005 1.45463 0.647768 1.02076 0.558641 2.0587 4.6908 0.637062 0.732826 
-0.0689863 -6.76769 -1.52347 -2.21461 1.29695 10.3906 9.08219 -0.138295 0.268971 1.665 0.996803 1.74088 -0.938651 -4.87251 10.2206 -3.5835 5.12684 -2.48182 7.919 2.45376 -8.41609 16.5906 -0.712754 0.951433 -0.114662 0.578108 -5.11913 2.58808 -7.56904 115.548 13.5459 2.79901 -13.237 -0.743988 -2.42819 -9.97729 -3.02226 -1.49419 6.12359 8.30166 -4.50869 -8.02472 -3.3148 -12.9587 1.51081 2.92229 3.77062 -0.903663 6.44291 -0.283535 
-0.0247533 -3.38621 -0.636256 -0.549587 0.828973 2.44393 3.18596 0.468851 1.4251 0.347357 0.558889 -0.488182 -2.35879 -2.76978 1.55053 -1.2826 2.16426 -9.14839 2.93593 1.18025 2.56675 3.80626 0.34625 -0.927124 0.276164 2.07623 -3.01165 -0.0126774 -1.45713 13.5459 -119.011 -1.00468 -6.17004 9.05967 -2.50558 0.956328 -1.65632 0.129551 6.47989 0.687045 -9.41008 -2.14007 -4.30514 -0.937428 2.4894 -3.66258 -1.33827 2.52467 0.478134 3.35289 
0.0195792 -2.3608 0.370869 0.551004 -0.318965 -3.81182 0.0633395 0.256793 -0.687173 -0.763519 0.210389 0.30199 0.919683 1.38656 -0.14952 1.29032 0.716991 2.22836 1.17596 -1.2135 0.931399 -1.83132 -0.300574 0.208793 -0.460424 -0.58889 4.94554 0 -6.06049 2.79901 -1.00468 -174.285 2.80314 -0.240484 0.697948 5.35687 -3.97877 2.48275 -7.56441 -5.61741 5.80342 2.82458 -0.64555 4.06678 -4.50264 1.46118 -1.57714 3.07684 1.04088 -0.599004 
0.0172296 -0.423876 0.747195 1.02153 -0.0904275 -2.82363 0.118581 -0.0828934 -0.239367 -0.153983 0.0576691 -0.0106778 0.0390751 0.355685 -1.50169 0.468789 -1.37042 2.49348 -2.05384 0.15363 -4.78642 0.0107496 -0.20295 0.961276 0.560197 0.687198 -3.15396 -7.59397 -1.56542 -13.237 -6.17004 2.80314 -70.1142 10.7781 0.196846 3.43514 -9.9353 -9.61817 2.20256 3.9395 -1.74574 7.6071 -6.8221 -1.66057 -4.34186 14.7139 -0.44964 9.65436 4.04217 2.06983 
-0.00401445 -1.5966 0.458234 0.530705 0.321754 -0.351771 1.22245 -0.0393516 0.133147 0.544803 0.0705995 -0.0178077 -0.383056 -0.777559 1.04331 -0.642877 0.308406 -0.612193 0.764076 0.220757 -1.48862 0.0920894 -0.222854 -0.0473693 0.374738 0.529561 2.5849 -15.4525 -3.57732 -0.743988 9.05967 -0.240484 10.7781 -96.0163 -0.560032 -0.335904 -1.59739 -0.396193 -1.79308 6.74122 -2.06921 -0.712603 1.66169 -5.02604 1.89224 0.482298 1.90184 -3.29406 0.0590519 -3.69722 
0.0138044 -1.71663 -0.454345 -1.15019 1.10931 0.240357 -0.80622 0.261459 -0.225647 0.279901 -0.0958727 1.88383 1.15338 -4.33861 -3.23299 -3.00451 1.01481 -1.24758 -3.95545 -0.716287 1.09058 4.48013 -1.02639 1.46304 0.908476 -1.29452 -0.341306 2.2161 -6.02261 -2.42819 -2.50558 0.697948 0.196846 -0.560032 161.223 -14.9731 -9.84574 -0.730748 -2.03483 2.20146 3.11696 -11.8862 5.59313 -2.19399 -2.32601 9.43966 3.82411 2.63174 5.36851 -3.0354 
0.0112521 -0.388974 0.579857 0.0903406 0.585232 -1.59693 -0.598062 -0.215365 -0.706119 0.228373 -0.341085 0.365955 0.968026 0.426095 -0.251147 0.878115 -0.882348 2.38719 -1.50475 -0.96845 -1.97116 0.584004 -0.568325 0.19071 0.701797 -0.490952 6.95396 -4.81663 -0.0169287 -9.97729 0.956328 5.35687 3.43514 -0.335904 -14.9731 -66.274 -2.85086 -6.47236 -10.0968 3.46371 5.8825 -5.54577 5.39051 -7.47841 -1.83647 4.09116 0.731783 -2.48864 1.33122 -7.18952 
-0.00113368 0.141388 -0.114876 -0.508285 0.307709 -0.425621 -0.53404 0.343688 -0.113929 -0.163093 0.046866 0.650581 0.801136 -0.241958 -0.76178 -0.660123 -0.338404 -0.148668 -1.15636 0.11753 3.70427 -0.0906367 0.22734 0.0244724 0.140872 0.158325 0.39716 -1.63326 -2.6491 -3.02226 -1.65632 -3.97877 -9.9353 -1.59739 -9.84574 -2.85086 -57.0023 0.0786806 2.08515 -5.47331 -4.43129 1.08728 4.54328 -1.09424 -2.38352 2.31932 -3.33789 -1.34456 0.718539 -2.22556 
-0.00100173 0.242487 0.223306 0.00845857 -0.176928 0.4043 0.415265 -0.259302 0.167395 0.466175 -0.108248 -0.388181 -0.950426 -0.192076 0.684333 -0.253995 0.00950108 0.287402 -0.14507 0.307099 -3.96638 0.446192 -0.243633 -0.256424 0.397389 0.184158 0.525408 -0.269064 6.30368 -1.49419 0.129551 2.48275 -9.61817 -0.396193 -0.730748 -6.47236 0.0786806 -21.5857 -0.0930754 11.6959 -1.7158 -1.1669 0.810303 -5.61521 1.1895 0.557175 0.395333 -2.15551 -1.11317 -3.66128 
-0.00644395 -2.33701 -0.391167 -1.35678 0.545149 -0.931722 1.59038 0.177744 -0.329373 0.622798 0.453295 1.31388 1.56304 -3.04899 -0.502344 -2.30197 0.568477 -0.32025 -1.5238 0.616683 3.39194 0.542553 -0.293572 1.56505 -0.847102 2.70954 0.428354 -2.31115 -1.0249 6.12359 6.47989 -7.56441 2.20256 -1.79308 -2.03483 -10.0968 2.08515 -0.0930754 135.201 -0.171202 -0.160798 -5.06878 0.124738 -2.61539 0.543484 -1.22175 1.28067 -2.85482 -2.81178 0.233773 
0.0035998 0.0772319 -0.154063 -0.631944 -0.138953 -1.39697 -0.345008 0.289851 -0.253441 -0.266365 -0.0592302 0.349938 0.417604 0.120614 -1.15176 -0.256367 -0.507003 0.200955 -0.782131 -0.0334939 5.35087 -1.03603 0.0691928 0.279014 -0.136914 0.0298014 -0.197349 1.34224 1.6121 8.30166 0.687045 -5.61741 3.9395 6.74122 2.20146 3.46371 -5.47331 11.6959 -0.171202 -17.9471 0.773376 4.06655 -1.2205 4.65938 -5.47619 -0.435905 -3.61442 -0.243409 -3.06487 -3.60089 
-0.00926805 -1.0558 0.151316 -0.939181 0.703725 1.49593 0.625832 -0.0264735 -0.116052 0.349039 0.114584 1.06124 2.11656 -2.03185 -2.16874 -1.85664 0.307257 0.478673 -2.19165 0.0237784 3.12152 0.119354 -0.1369 1.15992 -0.48977 1.14432 0.283765 5.89602 -2.40506 -4.50869 -9.41008 5.80342 -1.74574 -2.06921 3.11696 5.8825 -4.43129 -1.7158 -0.160798 0.773376 133.231 -1.86926 2.49957 -0.659927 -0.0658329 1.43024 0.559883 -2.60607 -1.99196 -1.25238 
0.00829966 0.393086 0.335523 0.0977716 -0.0739632 -1.99481 -1.00437 0.0524971 -0.437332 -0.252906 -0.107231 0.301945 0.567463 0.798968 -0.910491 0.589413 -0.666605 3.08224 -1.40684 -0.389212 1.69036 -0.0622278 -0.00711498 -0.0259844 0.127925 -0.133064 0.171963 -9.3 1.13005 -8.02472 -2.14007 2.82458 7.6071 -0.712603 -11.8862 -5.54577 1.08728 -1.1669 -5.06878 4.06655 -1.86926 -84.1092 1.78401 0.409674 -1.72883 1.42733 -0.232284 -1.56357 -1.1208 -2.64384 
-0.0105743 -0.448401 0.213875 0.665624 -0.325393 2.44618 1.35796 -0.166999 0.392828 0.187294 -0.0930985 -0.833743 -0.447289 -0.083956 2.2175 0.495758 0.744107 0.00762253 2.35245 0.224831 -0.994182 -0.00701868 0.0873917 0.00732831 -0.052204 0.0378965 -0.0123549 0.977509 1.45463 -3.3148 -4.30514 -0.64555 -6.8221 1.66169 5.59313 5.39051 4.54328 0.810303 0.124738 -1.2205 2.49957 1.78401 44.3456 -1.96376 -0.600951 -1.87879 -5.54872 0.410353 -0.946406 -1.14231 
-0.0315423 -2.11869 -0.279126 0.946519 -0.3966 5.41883 4.7199 -0.244804 0.765738 0.89359 0.0406531 -1.49033 -1.51538 -0.466237 6.46757 0.597276 2.54954 -0.283967 6.77776 0.823612 1.00206 -0.0164746 0.191381 -0.248769 -0.0779183 -0.128469 0.628143 -2.01493 0.647768 -12.9587 -0.937428 4.06678 -1.66057 -5.02604 -2.19399 -7.47841 -1.09424 -5.61521 -2.61539 4.65938 -0.659927 0.409674 -1.96376 69.4589 2.83879 -3.23855 -1.51864 -5.23503 -3.1782 -0.864005 
0.0166543 1.55467 -0.051525 -0.409072 0.317702 -2.79273 -2.82573 0.215595 -0.443926 -0.657184 -0.0818458 0.843875 1.04097 0.384861 -3.39453 -0.121639 -1.56797 -0.184487 -3.86286 -0.448461 -0.888427 0.129146 -0.0387352 0.0820709 0.0999997 0.120619 -0.49671 -1.48914 1.02076 1.51081 2.4894 -4.50264 -4.34186 1.89224 -2.32601 -1.83647 -2.38352 1.1895 0.543484 -5.47619 -0.0658329 -1.72883 -0.600951 2.83879 67.0174 2.84954 -2.33979 3.77309 3.13797 -0.144591 
3.31532e-05 0.249459 0.0960936 0.106638 -0.207596 -0.108361 0.142043 -0.0971531 0.0655824 0.0682621 -0.0146911 -0.201063 -0.30595 -0.0474396 0.370284 0.0581905 0.140294 -0.115939 0.56433 0.0217897 -0.772935 -0.0856165 -0.052392 0.0616353 -0.00140046 0.0886356 -0.0875318 4.93027 0.558641 2.92229 -3.66258 1.46118 14.7139 0.482298 9.43966 4.09116 2.31932 0.557175 -1.22175 -0.435905 1.43024 1.42733 -1.87879 -3.23855 2.84954 -9.48744 1.44476 0.973041 -0.450949 0.132475 
0.00671554 0.334697 0.169663 0.0990015 -0.0613822 -0.814886 -0.843126 0.0212668 -0.0645126 -0.115306 -0.0285813 -0.0277483 0.120726 0.285538 -0.941702 0.0703024 -0.504736 0.261228 -0.892211 -0.130489 0.0331262 0.0150241 0.00399111 -0.00644782 0.00629456 -0.0238286 0.0228733 2.18502 2.0587 3.77062 -1.33827 -1.57714 -0.44964 1.90184 3.82411 0.731783 -3.33789 0.395333 1.28067 -3.61442 0.559883 -0.232284 -5.54872 -1.51864 -2.33979 1.44476 -28.1335 -0.276976 0.218076 0.0452803 
0.0123463 1.86512 0.304793 -0.808909 0.493863 -1.62129 -2.97924 0.116113 -0.368572 -0.512597 -0.160959 0.713446 1.43738 0.568923 -4.1317 -0.403944 -1.81829 0.31181 -4.24862 -0.445121 0.855021 -0.047209 0.0119036 -0.0249163 -0.0149391 0.220223 -0.0341783 -2.36692 4.6908 -0.903663 2.52467 3.07684 9.65436 -3.29406 2.63174 -2.48864 -1.34456 -2.15551 -2.85482 -0.243409 -2.60607 -1.56357 0.410353 -5.23503 3.77309 0.973041 -0.276976 99.6509 1.20853 0.08175 
-0.00242818 -0.415265 0.100535 0.345427 -0.0912928 0.892499 0.551511 -0.0818461 0.184059 0.0962662 -0.0195479 -0.120957 -0.0845587 -0.417679 0.363393 -0.191862 0.402216 -0.310582 0.511145 0.0720838 -0.0959863 -0.0481223 -0.0248385 0.169954 -0.0789294 0.0748717 0.000907669 0.094181 0.637062 6.44291 0.478134 1.04088 4.04217 0.0590519 5.36851 1.33122 0.718539 -1.11317 -2.81178 -3.06487 -1.99196 -1.1208 -0.946406 -3.1782 3.13797 -0.450949 0.218076 1.20853 20.1196 0.167063 
-0.00466393 -0.0424308 -0.462947 -0.417743 0.251619 1.31995 0.283912 0.0328189 0.0189496 0.00898341 -0.00846699 0.10801 0.107638 -0.168276 0.119345 -0.0743906 0.154494 -0.240483 0.0279512 0.0192568 0.0844607 0.0308611 0.00652877 -0.0405665 0.00538863 -0.014195 0 -1.46656 0.732826 -0.283535 3.35289 -0.599004 2.06983 -3.69722 -3.0354 -7.18952 -2.22556 -3.66128 0.233773 -3.60089 -1.25238 -2.64384 -1.14231 -0.864005 -0.144591 0.132475 0.0452803 0.08175 0.167063 53.6964 
