2552.24 -0.00200247 0.0131332 0.0263682 -0.05133 0.0567074 0.00981151 0.00533131 -0.0158756 -0.00478446 -0.0328037 -0.0308486 -0.00198939 0.0160956 -0.0231108 0.0491726 0.00220751 0.0364696 0.00649859 -0.0449043 0.0370645 0.0446249 0.0170096 -0.00712092 -0.00301649 -0.0354882 -0.0163944 -0.0187588 -0.000762588 -0.0564609 -0.0181393 0.0190922 0.00973098 -0.00867453 0.0189074 -0.00180966 -0.0112729 -0.00243451 -0.0285838 0.00671137 0.00717097 0.0101855 -0.012243 -0.0448574 0.0170178 0.00270922 0.00771231 0.0157982 0.00182896 -0.00535189 
-0.00200247 -273.314 6.19844 -11.6759 8.09716 -3.90297 12.5273 -4.98863 -3.18598 -5.45208 5.1154 1.36173 -2.95716 12.2265 0.777084 -1.84351 -3.06789 5.33364 1.19885 1.52542 3.66305 2.75311 0.532288 1.30709 -0.0470279 -4.89722 -2.84927 0.145451 0.642815 -5.27615 -2.24926 -2.32572 -1.66331 -2.01031 -1.11844 0.32481 1.18767 0.38232 -4.33395 0.307869 0.519636 0.87451 -0.629834 -3.33622 1.70484 0.143625 0.606787 2.05112 -0.125003 -0.0487361 
0.0131332 6.19844 -323.199 5.69637 -2.52626 4.17536 -5.63826 2.49129 -0.751191 2.33715 2.02376 -1.61464 -5.12317 1.81453 -5.68352 -3.66655 -1.21713 0.602773 2.54861 1.23288 0.18749 2.35259 -1.72938 -0.120511 -1.08109 -1.1724 0.361292 -2.49703 -2.07018 -1.6496 -0.745197 0.223605 1.14053 0.622612 -0.857173 -0.318811 -0.831724 0.165944 -1.04657 0.00586344 0.434471 0.356992 0.20474 -0.632569 -0.0201248 0.213158 0.148034 0.522386 0.236172 -0.474778 
0.0263682 -11.6759 5.69637 276.36 -10.6864 4.54391 -5.47427 -6.35458 1.9915 -1.90326 -8.9426 -2.38803 -5.91327 -2.79344 -4.08558 1.1716 -3.60887 3.39901 3.3108 5.78799 -1.06346 3.42661 -3.52983 -0.849802 0.768397 -2.20912 -0.537592 -3.22103 -1.41491 -2.57656 -0.667129 0.391223 0.907255 0.760702 -1.37981 -0.948416 -1.13227 -0.000587814 -2.14567 -0.493933 -0.516119 0.189937 0.625216 0.447631 -0.364168 0.180476 0.0885169 -0.562177 0.541216 -0.416694 
-0.05133 8.09716 -2.52626 -10.6864 -331.229 -2.26688 -3.42403 2.40389 -2.12601 3.1482 1.46269 3.25976 0.429 -0.968996 0.654145 -1.8542 -0.75377 -2.05096 0.837007 2.28892 0.652675 -1.71787 -1.44869 -0.407217 0.499258 0.0890448 0.624201 1.00833 -0.480923 1.3545 0.642871 -0.313987 0.456686 0.309927 0.932165 0.50915 0.0338765 -0.254811 0.932607 -0.113954 0.369215 -0.335651 -0.281916 -0.14962 0.29482 -0.137789 -0.0992873 0.442762 -0.168129 0.242858 
0.0567074 -3.90297 4.17536 4.54391 -2.26688 -263.603 8.09333 2.49115 4.01095 -6.1063 8.14914 -0.797667 -5.27608 -4.06415 11.2003 -11.401 -9.69842 -8.25563 -13.4831 12.481 -6.24774 -11.156 -4.4757 0.344594 5.1408 6.37065 1.75836 7.26234 -0.171818 9.19491 2.16223 -3.8222 -3.02662 -0.972534 -0.495217 1.15794 1.84046 0.72812 2.52723 -1.96948 -1.03229 -2.11045 2.70001 7.57576 -2.83154 -0.587098 -0.821113 -2.25024 0.148488 1.41355 
0.00981151 12.5273 -5.63826 -5.47427 -3.42403 8.09333 -279.952 -2.14166 7.92705 2.60284 -2.97336 -0.50775 3.7149 -9.60688 0.903522 1.50639 3.68128 -3.63353 -2.07374 0.291943 -6.32994 -4.22962 1.18228 0.0851794 -0.0305147 5.96575 2.22162 0.572324 -0.206001 6.71384 2.12871 -0.0192092 0.743325 1.31297 -1.5248 -0.788681 -0.837935 0.346205 4.34737 -0.700324 -1.45802 -1.29017 1.5894 6.31478 -2.94685 0.0835847 -1.08079 -3.31672 0.121183 0.314954 
0.00533131 -4.98863 2.49129 -6.35458 2.40389 2.49115 -2.14166 -362.867 -0.322789 -0.371952 -0.533426 0.69374 1.63785 -0.903147 0.0416691 0.959412 0.91581 -0.349846 -0.244837 -0.9041 0.435329 -0.587321 -0.33483 0.0326456 -0.322809 -0.232426 0.0236771 0.0832558 0.492862 0.0195192 0.460997 0.330584 -0.0251413 0.122921 0.389121 -0.0997198 0.380225 -0.267612 0.184801 0.279343 -0.00172706 0.00558309 -0.182476 -0.248231 0.206547 -0.0997994 0.00775956 0.103897 -0.0774503 0.0386506 
-0.0158756 -3.18598 -0.751191 1.9915 -2.12601 4.01095 7.92705 -0.322789 379.548 -0.0209962 -0.6026 -2.33269 -2.55882 -0.759703 -0.0955019 -0.599749 -2.29981 -0.0868427 0.944799 1.7845 -0.844011 -1.16488 -0.319742 0.00373167 0.593183 0.573428 -0.0983907 -0.473703 -0.2143 0.182143 1.25822 -0.646674 -0.414808 0.623221 -0.321798 -0.487833 0.212838 0.259592 -0.159113 -0.273175 -0.285762 -0.516111 0.372107 0.853423 -0.412518 -0.0543108 -0.0846882 -0.351602 0.155849 0.0744775 
-0.00478446 -5.45208 2.33715 -1.90326 3.1482 -6.1063 2.60284 -0.371952 -0.0209962 323.013 4.66221 -0.34837 0.0172109 -1.41546 0.858987 -1.05103 0.670899 -1.33842 -0.503651 -0.16735 -1.24439 -0.978362 1.03477 0.62611 -0.777069 1.58795 0.656418 0.868892 -0.00493945 1.22111 0.111263 -0.799297 0.138047 0.334274 0.173484 0.182179 -0.194887 0.432817 1.12533 -0.25984 -0.0130017 -0.459232 0.247676 1.15066 -0.671955 0.0958168 -0.126985 -0.598165 0.0164419 -0.00239032 
-0.0328037 5.1154 2.02376 -8.9426 1.46269 8.14914 -2.97336 -0.533426 -0.6026 4.66221 -287.973 0.310499 1.71617 -1.18712 -0.330758 0.983819 0.767834 -0.181381 1.30771 -0.743737 -0.215783 -0.179778 1.28716 0.0438798 0.0449427 0.463382 0.353366 -0.590199 0.4236 0.843755 0.398668 0.244336 0.124303 0.294657 -0.0745935 -0.369718 0.0182143 -0.119665 0.78207 -0.118796 -0.105764 -0.0969908 -0.075883 0.232484 -0.101771 -0.0452716 -0.079744 -0.210991 -0.0698315 0.00230587 
-0.0308486 1.36173 -1.61464 -2.38803 3.25976 -0.797667 -0.50775 0.69374 -2.33269 -0.34837 0.310499 312.915 6.76544 -0.760201 0.523246 -1.799 2.72807 -3.602 -1.28779 -3.30888 1.45472 -1.05404 0.248043 0.00315734 -1.05932 1.70165 1.00743 0.564115 0.786264 2.05805 -0.541093 0.360078 0.604772 -0.242547 2.01408 0.337811 0.354393 -0.535041 1.84497 0.298741 0.735781 0.278006 -0.759041 -1.13362 0.775462 -0.112553 -0.0843977 0.555303 -0.23569 0.0611177 
-0.00198939 -2.95716 -5.12317 -5.91327 0.429 -5.27608 3.7149 1.63785 -2.55882 0.0172109 1.71617 6.76544 220.188 -6.7796 -3.9466 -3.02761 -0.918993 0.986196 0.767582 3.71107 2.3534 0.753595 -2.57694 -1.50854 -0.87294 -0.860745 2.36024 0.496899 -0.325151 -0.462717 -2.02108 0.896686 0.615469 -0.96684 1.2296 0.888388 0.406193 -1.0752 1.08363 0.48963 2.48064 0.724738 -0.423217 -1.69307 1.00932 -0.1386 0.158137 1.4549 -0.0350401 0.0302517 
0.0160956 12.2265 1.81453 -2.79344 -0.968996 -4.06415 -9.60688 -0.903147 -0.759703 -1.41546 -1.18712 -0.760201 -6.7796 251.764 -1.14474 -0.307085 -0.120768 11.8474 3.11713 2.48065 0.915575 5.37195 -0.0273752 -0.132085 1.59144 -8.22275 -3.62974 -3.16852 0.576995 -4.47463 -2.29882 1.25028 0.222542 -0.621903 -3.99669 0.0383735 -0.43212 -0.168819 -4.61809 0.216855 -0.8756 1.32303 -0.198438 -1.40991 0.430992 0.00159579 0.366776 0.80371 -0.107442 -0.20313 
-0.0231108 0.777084 -5.68352 -4.08558 0.654145 11.2003 0.903522 0.0416691 -0.0955019 0.858987 -0.330758 0.523246 -3.9466 -1.14474 -199.154 3.07694 -1.28083 -2.05622 -7.04491 0.0479445 -8.79972 -3.75691 -9.8394 -1.46234 0.458779 -1.02992 -0.506157 2.46853 -2.07045 6.74589 0.53328 -0.367043 -0.333261 0.729268 -4.53457 0.676116 -0.241994 0.837619 2.46794 -1.61863 -4.4565 -1.03166 2.50184 8.18387 -3.48592 0.219127 -1.06708 -4.45602 -0.127041 0.145089 
0.0491726 -1.84351 -3.66655 1.1716 -1.8542 -11.401 1.50639 0.959412 -0.599749 -1.05103 0.983819 -1.799 -3.02761 -0.307085 3.07694 263.905 -3.62751 6.85947 0.702577 -1.68789 -0.795794 4.43215 0.194527 -1.28231 1.56193 -4.08759 -2.80789 -0.664437 2.27661 -3.33199 -0.829816 1.18443 -0.0408137 -0.693728 -2.31171 0.491805 -0.915992 -0.293207 -3.31749 -0.205118 -0.957885 0.781627 0.388922 -0.125337 -0.117951 0.150215 0.143567 -0.316692 0.054621 -0.112947 
0.00220751 -3.06789 -1.21713 -3.60887 -0.75377 -9.69842 3.68128 0.91581 -2.29981 0.670899 0.767834 2.72807 -0.918993 -0.120768 -1.28083 -3.62751 -224.524 -7.55397 -3.28133 -1.5638 -3.71171 -3.43703 -1.68384 -2.24113 2.17195 5.46458 1.29896 1.70082 1.90057 4.47203 1.6282 0.785945 -1.03985 0.739992 1.12211 0.206949 0.441759 0.154394 2.37042 -0.87279 -0.885549 -0.784692 0.856571 3.63136 -1.65774 -0.0751449 -0.610399 -2.15335 0.0792906 0.201303 
0.0364696 5.33364 0.602773 3.39901 -2.05096 -8.25563 -3.63353 -0.349846 -0.0868427 -1.33842 -0.181381 -3.602 0.986196 11.8474 -2.05622 6.85947 -7.55397 228.496 8.25087 -0.178422 0.453016 14.7602 -0.0687644 -2.33916 0.87122 -0.128172 0.667614 -5.1815 -0.753444 -3.19066 -8.39099 1.64835 3.63835 -2.18964 -1.21738 0.0605384 -2.18748 -0.176623 -1.65769 0.368394 1.42743 4.11419 0.134848 -1.06923 -0.255206 0.459047 0.293968 0.477684 0.00189069 -0.507758 
0.00649859 1.19885 2.54861 3.3108 0.837007 -13.4831 -2.07374 -0.244837 0.944799 -0.503651 1.30771 -1.28779 0.767582 3.11713 -7.04491 0.702577 -3.28133 8.25087 -260.113 -1.45785 -9.42063 -3.82418 1.40583 -1.83321 2.28303 1.07915 -0.885516 2.9841 0.909682 5.47461 2.06372 1.14601 -2.15464 0.964799 -4.41902 0.160238 0.218432 0.225974 1.05428 -1.365 -4.01115 -1.49235 2.51413 8.2862 -3.94935 0.182351 -0.978694 -4.615 0.0755614 0.120969 
-0.0449043 1.52542 1.23288 5.78799 2.28892 12.481 0.291943 -0.9041 1.7845 -0.16735 -0.743737 -3.30888 3.71107 2.48065 0.0479445 -1.68789 -1.5638 -0.178422 -1.45785 272.347 -1.0892 -1.7244 -0.99901 0.851991 0.215696 -0.157337 0.463776 -0.213939 -0.805613 1.74508 0.926498 -1.1754 0.020959 0.335162 -1.1048 -0.924376 0.281811 0.319429 1.34071 -0.096888 -0.566433 -0.433113 0.271553 1.23259 -0.439331 -0.0595175 -0.18501 -0.501543 -0.0559479 0.0560254 
0.0370645 3.66305 0.18749 -1.06346 0.652675 -6.24774 -6.32994 0.435329 -0.844011 -1.24439 -0.215783 1.45472 2.3534 0.915575 -8.79972 -0.795794 -3.71171 0.453016 -9.42063 -1.0892 89.5975 -2.04777 -5.46392 4.41033 3.98839 -6.09493 5.50185 0.457003 -5.3702 -7.73846 3.12728 1.52836 -3.3333 1.55101 0.496664 1.84532 6.27535 -3.20752 0.628404 5.54951 4.81784 1.69237 -1.34192 -0.344686 -0.62951 -1.2138 0.276812 1.58529 0.297703 0.310695 
0.0446249 2.75311 2.35259 3.42661 -1.71787 -11.156 -4.22962 -0.587321 -1.16488 -0.978362 -0.179778 -1.05404 0.753595 5.37195 -3.75691 4.43215 -3.43703 14.7602 -3.82418 -1.7244 -2.04777 -155.531 0.783776 0.59799 1.37873 -0.472209 -1.00984 -1.10634 -4.14485 14.6413 2.45979 -2.03547 2.49075 0.994038 2.37511 0.358223 -1.07963 0.17824 5.56093 -1.68343 -3.97843 -0.0315013 0.4627 3.14761 -0.0551552 -0.201171 -0.489441 -0.629426 -1.0068 0.0824154 
0.0170096 0.532288 -1.72938 -3.52983 -1.44869 -4.4757 1.18228 -0.33483 -0.319742 1.03477 1.28716 0.248043 -2.57694 -0.0273752 -9.8394 0.194527 -1.68384 -0.0687644 1.40583 -0.99901 -5.46392 0.783776 -232.588 0.464236 0.24872 -0.522289 -0.0542361 -0.510625 0.333573 -0.636941 0.405877 -0.244895 -0.338353 0.108434 -0.931674 -0.317185 0.51545 -0.190348 -0.464949 0.0682062 0.00201535 0.046543 0.0484819 0.0750359 -0.0134748 -0.122203 0.0145176 0.039864 0.00829373 0.032179 
-0.00712092 1.30709 -0.120511 -0.849802 -0.407217 0.344594 0.0851794 0.0326456 0.00373167 0.62611 0.0438798 0.00315734 -1.50854 -0.132085 -1.46234 -1.28231 -2.24113 -2.33916 -1.83321 0.851991 4.41033 0.59799 0.464236 -159.788 -1.77402 3.56366 1.64642 0.428315 -3.29578 0.376398 -0.78708 0.126522 0.571371 -0.810385 0.70872 -0.305335 -0.455805 -0.301439 1.54603 0.308742 0.995374 0.109763 0.0495513 -0.148653 0.0911197 0.150409 -0.00120475 0.0937057 0.140684 -0.0563134 
-0.00301649 -0.0470279 -1.08109 0.768397 0.499258 5.1408 -0.0305147 -0.322809 0.593183 -0.777069 0.0449427 -1.05932 -0.87294 1.59144 0.458779 1.56193 2.17195 0.87122 2.28303 0.215696 3.98839 1.37873 0.24872 -1.77402 -152.113 -1.44473 -0.953316 0.499747 1.15974 0.193124 0.254575 -0.491318 0.796381 0.134549 1.19194 0.120579 -0.400439 0.212756 -0.761059 -0.0473596 -0.512789 -0.144265 -0.0358986 -0.12595 0.07039 0.159456 -0.0148354 -0.0776544 -0.0529318 -0.0363873 
-0.0354882 -4.89722 -1.1724 -2.20912 0.0890448 6.37065 5.96575 -0.232426 0.573428 1.58795 0.463382 1.70165 -0.860745 -8.22275 -1.02992 -4.08759 5.46458 -0.128172 1.07915 -0.157337 -6.09493 -0.472209 -0.522289 3.56366 -1.44473 175.091 2.61269 -1.39087 3.37834 0.416874 1.71158 -0.431894 0.693325 1.14308 -0.59221 -1.12653 -0.228635 -0.000716262 3.01885 0.100636 1.13814 -0.462896 0.0147409 -0.134467 0.0837947 0.141387 -0.123527 0.0920872 0.0987812 -0.0107669 
-0.0163944 -2.84927 0.361292 -0.537592 0.624201 1.75836 2.22162 0.0236771 -0.0983907 0.656418 0.353366 1.00743 2.36024 -3.62974 -0.506157 -2.80789 1.29896 0.667614 -0.885516 0.463776 5.50185 -1.00984 -0.0542361 1.64642 -0.953316 2.61269 131.48 0.369745 -0.435136 -5.19921 -3.88403 4.6035 2.24813 2.59016 -0.0942983 6.61567 -1.21715 0.37846 -1.52266 0.323297 1.65195 -0.76007 0.0220286 -0.541922 -0.575827 0.530375 0.126627 0.279178 0.449932 -0.196855 
-0.0187588 0.145451 -2.49703 -3.22103 1.00833 7.26234 0.572324 0.0832558 -0.473703 0.868892 -0.590199 0.564115 0.496899 -3.16852 2.46853 -0.664437 1.70082 -5.1815 2.9841 -0.213939 0.457003 -1.10634 -0.510625 0.428315 0.499747 -1.39087 0.369745 -149.115 -0.274181 -1.45139 2.37949 0.837829 1.02523 -0.698311 -3.56026 -3.35164 -0.76867 -0.855344 -1.14561 0.668833 -0.150781 -0.182542 0.0364842 -0.197573 -0.0574871 0.164071 -0.0576071 0.16008 0.154518 0.0143601 
-0.000762588 0.642815 -2.07018 -1.41491 -0.480923 -0.171818 -0.206001 0.492862 -0.2143 -0.00493945 0.4236 0.786264 -0.325151 0.576995 -2.07045 2.27661 1.90057 -0.753444 0.909682 -0.805613 -5.3702 -4.14485 0.333573 -3.29578 1.15974 3.37834 -0.435136 -0.274181 185.736 0.101299 0.797785 0.193385 -0.251744 0.555491 -0.519584 -0.628649 0.186281 -0.0773802 -0.162441 0.00178769 -0.207878 -0.187801 -0.0453648 -0.126979 0.118987 -0.00699355 -0.0323272 0.000742573 -0.0111012 0.0285685 
-0.0564609 -5.27615 -1.6496 -2.57656 1.3545 9.19491 6.71384 0.0195192 0.182143 1.22111 0.843755 2.05805 -0.462717 -4.47463 6.74589 -3.33199 4.47203 -3.19066 5.47461 1.74508 -7.73846 14.6413 -0.636941 0.376398 0.193124 0.416874 -5.19921 -1.45139 0.101299 117.611 -3.65831 1.56633 2.38858 -0.777397 3.67852 4.42642 -4.11827 0.935774 0.993234 -1.23378 -0.775425 -0.371457 0.398399 -0.569446 0.322645 0.513905 -0.0308861 0.0324969 0.0819584 -0.180383 
-0.0181393 -2.24926 -0.745197 -0.667129 0.642871 2.16223 2.12871 0.460997 1.25822 0.111263 0.398668 -0.541093 -2.02108 -2.29882 0.53328 -0.829816 1.6282 -8.39099 2.06372 0.926498 3.12728 2.45979 0.405877 -0.78708 0.254575 1.71158 -3.88403 2.37949 0.797785 -3.65831 -124.571 0.464786 -1.75426 1.35336 0.142438 2.5833 1.43545 0.599808 -0.21743 0.0940598 0.202633 0.151214 -0.108786 0.172256 -0.0636109 -0.278802 0.0577832 -0.020119 -0.070369 0.0676537 
0.0190922 -2.32572 0.223605 0.391223 -0.313987 -3.8222 -0.0192092 0.330584 -0.646674 -0.799297 0.244336 0.360078 0.896686 1.25028 -0.367043 1.18443 0.785945 1.64835 1.14601 -1.1754 1.52836 -2.03547 -0.244895 0.126522 -0.491318 -0.431894 4.6035 0.837829 0.193385 1.56633 0.464786 -175.803 -0.0122769 0.547793 0.580316 0.33138 -0.0493057 0.722854 0.593132 -0.362482 -0.0163263 -0.161217 -0.013848 0.124113 -0.0988798 0.0102666 0.00592839 -0.00337965 -0.000270676 0.000476827 
0.00973098 -1.66331 1.14053 0.907255 0.456686 -3.02662 0.743325 -0.0251413 -0.414808 0.138047 0.124303 0.604772 0.615469 0.222542 -0.333261 -0.0408137 -1.03985 3.63835 -2.15464 0.020959 -3.3333 2.49075 -0.338353 0.571371 0.796381 0.693325 2.24813 1.02523 -0.251744 2.38858 -1.75426 -0.0122769 -74.2156 2.21667 -15.5322 1.44016 2.83332 -0.989344 -1.37549 0.656009 -0.0153936 -0.275841 -0.0435382 0.715228 -0.63834 -0.00798273 0.0107968 -0.0321046 0.000161081 0 
-0.00867453 -2.01031 0.622612 0.760702 0.309927 -0.972534 1.31297 0.122921 0.623221 0.334274 0.294657 -0.242547 -0.96684 -0.621903 0.729268 -0.693728 0.739992 -2.18964 0.964799 0.335162 1.55101 0.994038 0.108434 -0.810385 0.134549 1.14308 2.59016 -0.698311 0.555491 -0.777397 1.35336 0.547793 2.21667 -94.4328 -1.94067 -2.21947 -0.242761 -0.912697 -1.81719 0.960435 -0.0562815 -0.0150351 0 -2.81661 4.19558 -6.99181 1.0625 -5.17276 -1.53257 -2.62264 
0.0189074 -1.11844 -0.857173 -1.37981 0.932165 -0.495217 -1.5248 0.389121 -0.321798 0.173484 -0.0745935 2.01408 1.2296 -3.99669 -4.53457 -2.31171 1.12211 -1.21738 -4.41902 -1.1048 0.496664 2.37511 -0.931674 0.70872 1.19194 -0.59221 -0.0942983 -3.56026 -0.519584 3.67852 0.142438 0.580316 -15.5322 -1.94067 160.119 -10.4576 -2.85083 3.01074 -2.28886 0.463143 2.67252 -7.73522 5.8846 0.767536 -1.92631 6.41276 4.12898 3.4199 3.8901 -2.11461 
-0.00180966 0.32481 -0.318811 -0.948416 0.50915 1.15794 -0.788681 -0.0997198 -0.487833 0.182179 -0.369718 0.337811 0.888388 0.0383735 0.676116 0.491805 0.206949 0.0605384 0.160238 -0.924376 1.84532 0.358223 -0.317185 -0.305335 0.120579 -1.12653 6.61567 -3.35164 -0.628649 4.42642 2.5833 0.33138 1.44016 -2.21947 -10.4576 -69.047 2.98424 0.243784 -8.44965 -1.37188 5.76663 -8.94417 7.77369 -2.62057 0.306268 -5.12161 0.205268 -7.02915 -1.51486 -5.91658 
-0.0112729 1.18767 -0.831724 -1.13227 0.0338765 1.84046 -0.837935 0.380225 0.212838 -0.194887 0.0182143 0.354393 0.406193 -0.43212 -0.241994 -0.915992 0.441759 -2.18748 0.218432 0.281811 6.27535 -1.07963 0.51545 -0.455805 -0.400439 -0.228635 -1.21715 -0.76867 0.186281 -4.11827 1.43545 -0.0493057 2.83332 -0.242761 -2.85083 2.98424 -49.739 6.49728 4.36287 -8.00723 -3.71181 -0.973179 4.64851 2.64515 0.460022 -5.45012 -2.89939 -4.07954 -1.62602 0.205665 
-0.00243451 0.38232 0.165944 -0.000587814 -0.254811 0.72812 0.346205 -0.267612 0.259592 0.432817 -0.119665 -0.535041 -1.0752 -0.168819 0.837619 -0.293207 0.154394 -0.176623 0.225974 0.319429 -3.20752 0.17824 -0.190348 -0.301439 0.212756 -0.000716262 0.37846 -0.855344 -0.0773802 0.935774 0.599808 0.722854 -0.989344 -0.912697 3.01074 0.243784 6.49728 -20.0396 0.167837 10.948 -1.3841 -1.20822 0.582095 -4.0505 1.93226 -1.95944 0.561884 -2.95246 -1.91719 -2.92555 
-0.0285838 -4.33395 -1.04657 -2.14567 0.932607 2.52723 4.34737 0.184801 -0.159113 1.12533 0.78207 1.84497 1.08363 -4.61809 2.46794 -3.31749 2.37042 -1.65769 1.05428 1.34071 0.628404 5.56093 -0.464949 1.54603 -0.761059 3.01885 -1.52266 -1.14561 -0.162441 0.993234 -0.21743 0.593132 -1.37549 -1.81719 -2.28886 -8.44965 4.36287 0.167837 137.596 2.32602 -2.02576 -7.06432 -0.937115 -5.88424 1.35724 -1.16102 2.48785 -2.79406 -0.932242 0.550626 
0.00671137 0.307869 0.00586344 -0.493933 -0.113954 -1.96948 -0.700324 0.279343 -0.273175 -0.25984 -0.118796 0.298741 0.48963 0.216855 -1.61863 -0.205118 -0.87279 0.368394 -1.365 -0.096888 5.54951 -1.68343 0.0682062 0.308742 -0.0473596 0.100636 0.323297 0.668833 0.00178769 -1.23378 0.0940598 -0.362482 0.656009 0.960435 0.463143 -1.37188 -8.00723 10.948 2.32602 -17.4358 0.557431 3.96506 -0.638126 3.94834 -5.5252 0.367626 -3.68724 -0.492994 -3.11856 -4.27982 
0.00717097 0.519636 0.434471 -0.516119 0.369215 -1.03229 -1.45802 -0.00172706 -0.285762 -0.0130017 -0.105764 0.735781 2.48064 -0.8756 -4.4565 -0.957885 -0.885549 1.42743 -4.01115 -0.566433 4.81784 -3.97843 0.00201535 0.995374 -0.512789 1.13814 1.65195 -0.150781 -0.207878 -0.775425 0.202633 -0.0163263 -0.0153936 -0.0562815 2.67252 5.76663 -3.71181 -1.3841 -2.02576 0.557431 134.775 0.0306012 3.19569 2.13169 -0.504396 0.900238 -0.167632 -2.43735 -3.595 -1.16726 
0.0101855 0.87451 0.356992 0.189937 -0.335651 -2.11045 -1.29017 0.00558309 -0.516111 -0.459232 -0.0969908 0.278006 0.724738 1.32303 -1.03166 0.781627 -0.784692 4.11419 -1.49235 -0.433113 1.69237 -0.0315013 0.046543 0.109763 -0.144265 -0.462896 -0.76007 -0.182542 -0.187801 -0.371457 0.151214 -0.161217 -0.275841 -0.0150351 -7.73522 -8.94417 -0.973179 -1.20822 -7.06432 3.96506 0.0306012 -82.8451 0.756645 2.712 -2.15307 0.608489 -0.512617 -0.554265 -1.19819 -1.12399 
-0.012243 -0.629834 0.20474 0.625216 -0.281916 2.70001 1.5894 -0.182476 0.372107 0.247676 -0.075883 -0.759041 -0.423217 -0.198438 2.50184 0.388922 0.856571 0.134848 2.51413 0.271553 -1.34192 0.4627 0.0484819 0.0495513 -0.0358986 0.0147409 0.0220286 0.0364842 -0.0453648 0.398399 -0.108786 -0.013848 -0.0435382 0 5.8846 7.77369 4.64851 0.582095 -0.937115 -0.638126 3.19569 0.756645 44.5236 -2.48993 -0.573155 -1.6596 -5.36429 0.149617 -0.757909 -1.44398 
-0.0448574 -3.33622 -0.632569 0.447631 -0.14962 7.57576 6.31478 -0.248231 0.853423 1.15066 0.232484 -1.13362 -1.69307 -1.40991 8.18387 -0.125337 3.63136 -1.06923 8.2862 1.23259 -0.344686 3.14761 0.0750359 -0.148653 -0.12595 -0.134467 -0.541922 -0.197573 -0.126979 -0.569446 0.172256 0.124113 0.715228 -2.81661 0.767536 -2.62057 2.64515 -4.0505 -5.88424 3.94834 2.13169 2.712 -2.48993 67.771 3.18542 -3.23255 -0.757349 -5.2176 -1.89719 -0.631873 
0.0170178 1.70484 -0.0201248 -0.364168 0.29482 -2.83154 -2.94685 0.206547 -0.412518 -0.671955 -0.101771 0.775462 1.00932 0.430992 -3.48592 -0.117951 -1.65774 -0.255206 -3.94935 -0.439331 -0.62951 -0.0551552 -0.0134748 0.0911197 0.07039 0.0837947 -0.575827 -0.0574871 0.118987 0.322645 -0.0636109 -0.0988798 -0.63834 4.19558 -1.92631 0.306268 0.460022 1.93226 1.35724 -5.5252 -0.504396 -2.15307 -0.573155 3.18542 67.1732 2.43943 -2.36392 3.6317 2.90109 0.0379762 
0.00270922 0.143625 0.213158 0.180476 -0.137789 -0.587098 0.0835847 -0.0997994 -0.0543108 0.0958168 -0.0452716 -0.112553 -0.1386 0.00159579 0.219127 0.150215 -0.0751449 0.459047 0.182351 -0.0595175 -1.2138 -0.201171 -0.122203 0.150409 0.159456 0.141387 0.530375 0.164071 -0.00699355 0.513905 -0.278802 0.0102666 -0.00798273 -6.99181 6.41276 -5.12161 -5.45012 -1.95944 -1.16102 0.367626 0.900238 0.608489 -1.6596 -3.23255 2.43943 -7.35462 1.26764 1.13784 -0.0171218 -0.898121 
0.00771231 0.606787 0.148034 0.0885169 -0.0992873 -0.821113 -1.08079 0.00775956 -0.0846882 -0.126985 -0.079744 -0.0843977 0.158137 0.366776 -1.06708 0.143567 -0.610399 0.293968 -0.978694 -0.18501 0.276812 -0.489441 0.0145176 -0.00120475 -0.0148354 -0.123527 0.126627 -0.0576071 -0.0323272 -0.0308861 0.0577832 0.00592839 0.0107968 1.0625 4.12898 0.205268 -2.89939 0.561884 2.48785 -3.68724 -0.167632 -0.512617 -5.36429 -0.757349 -2.36392 1.26764 -28.0797 -0.555559 -0.0797805 0.0505019 
0.0157982 2.05112 0.522386 -0.562177 0.442762 -2.25024 -3.31672 0.103897 -0.351602 -0.598165 -0.210991 0.555303 1.4549 0.80371 -4.45602 -0.316692 -2.15335 0.477684 -4.615 -0.501543 1.58529 -0.629426 0.039864 0.0937057 -0.0776544 0.0920872 0.279178 0.16008 0.000742573 0.0324969 -0.020119 -0.00337965 -0.0321046 -5.17276 3.4199 -7.02915 -4.07954 -2.95246 -2.79406 -0.492994 -2.43735 -0.554265 0.149617 -5.2176 3.6317 1.13784 -0.555559 99.5797 0.929822 0.094972 
0.00182896 -0.125003 0.236172 0.541216 -0.168129 0.148488 0.121183 -0.0774503 0.155849 0.0164419 -0.0698315 -0.23569 -0.0350401 -0.107442 -0.127041 0.054621 0.0792906 0.00189069 0.0755614 -0.0559479 0.297703 -1.0068 0.00829373 0.140684 -0.0529318 0.0987812 0.449932 0.154518 -0.0111012 0.0819584 -0.070369 -0.000270676 0.000161081 -1.53257 3.8901 -1.51486 -1.62602 -1.91719 -0.932242 -3.11856 -3.595 -1.19819 -0.757909 -1.89719 2.90109 -0.0171218 -0.0797805 0.929822 19.7806 0.00414737 
-0.00535189 -0.0487361 -0.474778 -0.416694 0.242858 1.41355 0.314954 0.0386506 0.0744775 -0.00239032 0.00230587 0.0611177 0.0302517 -0.20313 0.145089 -0.112947 0.201303 -0.507758 0.120969 0.0560254 0.310695 0.0824154 0.032179 -0.0563134 -0.0363873 -0.0107669 -0.196855 0.0143601 0.0285685 -0.180383 0.0676537 0.000476827 0 -2.62264 -2.11461 -5.91658 0.205665 -2.92555 0.550626 -4.27982 -1.16726 -1.12399 -1.44398 -0.631873 0.0379762 -0.898121 0.0505019 0.094972 0.00414737 54.0177 
