2528.29 81.2723 46.8535 14.5554 8.30736 39.0679 -1.5683 -27.1255 1.23791 74.4454 6.40715 73.2896 -42.3351 58.0851 49.8413 61.1025 -44.7419 26.118 -60.55 80.367 16.4438 56.3579 -1.69195 68.6254 -19.5049 3.80629 26.4298 24.6912 8.01145 -24.4562 3.87413 4.92379 -2.52271 1.87943 -11.4307 12.2695 0.493363 10.2938 19.7456 25.2395 38.7195 -4.68187 13.3259 0.514384 -2.54086 13.2877 -2.65352 -10.9693 -14.5998 -0.188685 
81.2723 -249.218 17.5859 18.8722 -5.34745 -5.34988 -4.17646 16.2216 34.3477 1.70221 4.38228 13.5308 24.5874 4.3112 11.7105 5.31081 8.53637 6.01606 -13.0663 -10.0175 -11.3488 14.9731 10.6661 28.1809 -2.50749 -16.0227 -6.24617 2.04666 13.6299 28.4065 0.0815767 0.484804 -5.36235 3.23285 -15.1592 4.38242 7.42885 -0.283036 3.98373 -10.7833 6.4715 -7.79075 3.06071 -0.393314 1.27644 -6.19987 -2.41933 0.415384 8.64491 -3.08079 
46.8535 17.5859 -260.328 -20.54 -6.10481 15.7748 25.0367 20.2018 -0.968597 -14.5041 -22.6428 -17.3119 -27.0443 3.17621 -45.924 36.412 -28.2035 -27.5895 1.43897 11.9158 -51.6388 -32.003 -11.0528 -10.2832 -2.22609 1.72159 -3.85183 -13.7489 -13.5104 -1.12332 7.90539 -4.46365 8.23499 4.63234 14.0742 -11.5031 5.93716 -23.9105 -5.87359 -14.7512 -0.114491 11.4439 2.33733 1.21122 -8.56455 -5.03253 -8.11671 -0.235443 -9.1027 -0.700843 
14.5554 18.8722 -20.54 275.119 -42.6794 -6.85382 5.05892 -10.6818 -2.35981 28.8324 -24.5235 15.6363 13.7806 5.58716 41.7193 -21.1447 -21.8856 19.5453 15.7582 -11.5412 20.1949 9.05523 -14.8654 -8.09806 32.3484 -1.42185 -23.8787 -16.046 4.65862 -5.05443 11.9945 16.2062 -0.306068 10.8208 19.3681 6.9395 22.3109 3.68231 -9.92661 -20.8307 -3.96955 19.7791 -6.07713 2.62721 7.51473 4.11634 -5.40825 12.314 -1.05006 14.5809 
8.30736 -5.34745 -6.10481 -42.6794 -228.574 -8.19011 -21.9357 10.6163 -10.3581 18.1294 -22.9749 -1.72411 -52.9118 -9.39179 -0.825838 13.2681 -26.9811 14.9595 -17.668 -9.35102 1.55696 -3.39107 -17.5062 -21.3191 -5.88656 12.0514 36.9795 -21.4169 5.49601 21.0471 30.0856 9.61415 -8.91123 31.6769 9.41188 22.0659 3.29768 9.44197 9.92332 -24.4637 -10.7592 8.97733 -5.54113 2.49115 7.55905 -7.74776 1.3234 6.02688 -14.8192 -0.0498707 
39.0679 -5.34988 15.7748 -6.85382 -8.19011 -216.079 -14.2542 -13.6767 15.8013 -9.1862 -7.48472 15.364 8.45621 -26.4666 3.56339 -50.7388 -0.0592315 -14.6701 7.66524 -17.193 2.62669 3.96153 2.9242 -8.11319 6.17608 -27.5832 -4.61834 10.8747 9.41271 -17.8122 -3.395 -6.65214 7.89498 -1.48116 -1.95219 7.65059 -10.0892 15.228 -6.43375 -12.7777 -5.83392 -14.225 7.75618 0.350581 -5.61955 -0.859972 1.47951 2.68835 0.0516401 2.42013 
-1.5683 -4.17646 25.0367 5.05892 -21.9357 -14.2542 -234.741 -6.61849 -57.7933 48.0725 -40.0049 16.2916 -1.7859 14.4287 63.7115 12.8944 -22.3712 -5.26193 -13.9279 12.5378 8.18966 -4.44214 40.2665 -42.3567 6.96638 -10.6591 -6.20345 24.0775 9.5259 -10.7918 17.8287 -22.6517 -15.4247 16.4694 20.2428 -6.41541 -2.34799 -9.19748 3.66227 -5.65982 8.87999 -18.7985 -3.67796 -2.01751 -8.74061 -1.25209 0.263214 3.68607 -3.16228 0.818675 
-27.1255 16.2216 20.2018 -10.6818 10.6163 -13.6767 -6.61849 -273.137 -6.73137 -14.494 -10.035 -9.8708 -1.55579 -6.73824 9.84269 -7.7813 10.8253 4.13115 12.8793 27.6283 -0.736212 -13.6938 -18.4616 -31.3471 38.8328 -1.31286 13.7247 17.8055 -9.82719 9.47006 -12.9248 10.3649 -11.8486 -17.3622 -9.90504 -0.274815 -2.36708 4.64262 18.5773 2.0238 13.0239 4.28406 8.78056 -2.84751 3.42157 -8.82337 4.45914 -0.0280383 -7.17396 0 
1.23791 34.3477 -0.968597 -2.35981 -10.3581 15.8013 -57.7933 -6.73137 76.0196 -0.489729 0 7.81274 -44.1802 6.86822 -2.56322 -8.76678 -2.95571 -28.2151 31.1468 -7.27689 -26.125 -2.29745 -33.1777 6.05222 29.5823 -2.75172 -0.510368 -15.6076 -18.0969 -14.0897 -20.0956 2.8777 24.3089 -35.0443 -30.1646 20.1198 -51.7224 5.95256 -6.07521 1.7806 12.5913 35.6677 -0.526201 37.4883 18.9046 -23.0511 -2.80679 6.94854 55.2045 -17.7851 
74.4454 1.70221 -14.5041 28.8324 18.1294 -9.1862 48.0725 -14.494 -0.489729 82.9428 -0.959482 -2.50793 7.6922 5.07236 -3.34013 -30.4038 -14.0253 4.69616 9.24331 23.0952 59.0712 -35.1328 -26.4112 39.1675 15.6661 -16.7122 3.28632 40.2437 -39.646 28.3122 53.1767 27.9636 26.4596 -18.5449 -5.3575 -10.8218 -11.6449 -47.8618 -32.5537 8.61232 -17.2128 -48.6654 -25.363 -12.7163 4.79358 -21.816 -29.6968 15.0956 26.5654 13.1868 
6.40715 4.38228 -22.6428 -24.5235 -22.9749 -7.48472 -40.0049 -10.035 0 -0.959482 -28.0426 5.23236 -6.2992 -32.8158 -9.57999 19.6483 36.9077 -10.5275 -26.7891 32.1396 15.5769 -18.0859 31.2649 -1.0358 -7.32284 0.764099 -43.8436 -20.5229 38.6948 36.0066 5.65707 43.0902 -37.0779 1.43382 -20.6476 12.8724 -68.5087 9.27095 -18.2523 -25.4099 50.5518 -53.8639 9.4882 22.2619 17.8966 -10.8692 9.92688 -12.8202 26.249 -1.64822 
73.2896 13.5308 -17.3119 15.6363 -1.72411 15.364 16.2916 -9.8708 7.81274 -2.50793 5.23236 73.6889 -12.8471 -19.8567 4.82636 -2.49148 14.8369 -1.95661 5.70012 18.1589 -30.4413 -8.29621 22.5276 19.763 21.0556 -4.49725 70.2088 22.3744 1.03882 3.10413 5.49886 -30.7337 -18.0926 31.5842 -37.9552 -41.2914 1.06431 0.738904 14.9614 54.9574 -58.1926 15.3689 -24.6705 41.3853 -70.4706 22.9331 25.549 14.8907 32.9288 -12.3515 
-42.3351 24.5874 -27.0443 13.7806 -52.9118 8.45621 -1.7859 -1.55579 -44.1802 7.6922 -6.2992 -12.8471 78.4243 12.8379 48.2821 49.2059 5.67589 3.85017 20.3959 -10.8619 -33.5835 47.0838 -44.1881 -17.3743 -20.5376 28.5539 -52.0367 30.2192 -2.99647 -7.64095 -0.575918 -26.6978 10.6936 -23.8588 -24.3353 -8.26718 20.7025 50.2193 -68.0172 -18.5601 13.1362 5.47736 -31.7789 -78.5336 -37.1433 -17.0492 34.8139 -15.9547 -92.1621 -5.32049 
58.0851 4.3112 3.17621 5.58716 -9.39179 -26.4666 14.4287 -6.73824 6.86822 5.07236 -32.8158 -19.8567 12.8379 22.6274 -31.3915 -4.10393 12.1688 4.76568 -3.24511 8.40872 3.46689 32.6139 35.6098 -36.9598 52.6835 3.93694 14.2947 13.5214 -8.20105 -24.1622 67.6151 -2.3867 -3.47833 -12.611 14.973 31.9039 -11.2133 4.7261 16.7039 67.3226 -9.97939 36.8322 65.467 41.9339 -3.40503 11.4136 49.9132 -5.07289 10.3244 46.6069 
49.8413 11.7105 -45.924 41.7193 -0.825838 3.56339 63.7115 9.84269 -2.56322 -3.34013 -9.57999 4.82636 48.2821 -31.3915 27.3604 3.28481 17.7861 15.1827 36.1438 43.0103 50.9711 -8.08753 -0.865996 -5.10672 16.3696 11.3212 46.6688 -15.4198 13.9625 -26.8231 -42.2162 -9.73668 -12.2419 8.57469 8.05412 42.4147 -5.97402 0.78474 -44.3527 -21.3163 -37.7417 -32.2766 -8.71981 23.5225 -43.3334 -11.404 42.9237 -25.4115 -42.431 12.6369 
61.1025 5.31081 36.412 -21.1447 13.2681 -50.7388 12.8944 -7.7813 -8.76678 -30.4038 19.6483 -2.49148 49.2059 -4.10393 3.28481 63.8913 -25.4249 8.16462 17.0832 30.095 -2.84667 -15.9018 46.7125 58.1853 -55.94 21.0077 8.15262 15.4578 33.5593 -26.5067 -28.0316 19.7399 -9.13143 9.81636 -1.94555 -50.9156 25.7001 -4.96077 18.6817 -14.2013 -55.0548 -1.0648 33.014 30.4693 11.3747 -34.9229 50.5581 32.0838 57.9932 -62.0781 
-44.7419 8.53637 -28.2035 -21.8856 -26.9811 -0.0592315 -22.3712 10.8253 -2.95571 -14.0253 36.9077 14.8369 5.67589 12.1688 17.7861 -25.4249 -16.478 -13.6363 -24.8395 18.816 -21.6177 -18.9553 26.2465 10.0975 -2.17009 28.7718 -1.27771 12.5577 -8.83566 -26.9955 -53.8964 -61.0305 30.3193 4.35731 27.8565 14.6554 30.4992 -34.537 -7.89766 -20.7048 7.81352 -3.54361 -16.8698 -33.4914 -7.49778 -3.46866 0.934879 11.0569 26.1602 -56.7242 
26.118 6.01606 -27.5895 19.5453 14.9595 -14.6701 -5.26193 4.13115 -28.2151 4.69616 -10.5275 -1.95661 3.85017 4.76568 15.1827 8.16462 -13.6363 19.7208 0.489239 12.0498 -20.3042 -10.8875 -58.3399 30.5458 -27.8168 52.9556 -2.39178 -16.8481 -59.1518 56.9082 29.1471 -4.44893 53.4862 26.7793 3.58801 -45.8099 17.5273 0.0566316 54.4414 22.907 -10.1008 58.7111 8.54201 48.7387 -23.2381 13.054 -17.5843 10.9277 -31.1084 -12.2731 
-60.55 -13.0663 1.43897 15.7582 -17.668 7.66524 -13.9279 12.8793 31.1468 9.24331 -26.7891 5.70012 20.3959 -3.24511 36.1438 17.0832 -24.8395 0.489239 30.8948 38.8096 28.3349 -9.42691 -11.7214 -9.15399 21.6563 -15.7898 -25.331 -50.1591 1.90142 -14.778 35.5237 17.2289 -29.2428 2.46972 6.97072 4.50798 -22.0192 -11.0956 -12.8316 12.675 -17.1906 47.5739 -24.7746 21.048 22.5012 -29.3439 10.4839 36.7187 -40.18 0.248457 
80.367 -10.0175 11.9158 -11.5412 -9.35102 -17.193 12.5378 27.6283 -7.27689 23.0952 32.1396 18.1589 -10.8619 8.40872 43.0103 30.095 18.816 12.0498 38.8096 30.1546 14.0948 -10.9707 17.9281 -22.9893 -19.7377 -38.2281 -6.95614 2.02383 41.7833 31.1409 -4.5979 20.0366 19.7491 -10.7729 7.25562 30.1318 -21.3758 39.8325 -2.37494 -22.4081 58.992 -27.5035 49.0462 -37.4046 -22.5057 25.1702 22.7586 -2.24552 26.6265 18.2783 
16.4438 -11.3488 -51.6388 20.1949 1.55696 2.62669 8.18966 -0.736212 -26.125 59.0712 15.5769 -30.4413 -33.5835 3.46689 50.9711 -2.84667 -21.6177 -20.3042 28.3349 14.0948 41.798 -6.4124 -41.4991 -18.9363 6.41067 -2.72558 -25.3687 29.5887 0.407079 -20.0385 61.9408 1.71036 41.8033 -28.9883 -1.11303 57.9667 66.8739 30.214 64.8484 -13.62 22.5052 20.8668 48.5959 8.5038 -42.1987 -43.4603 -20.9595 -21.8227 -42.9842 -16.2668 
56.3579 14.9731 -32.003 9.05523 -3.39107 3.96153 -4.44214 -13.6938 -2.29745 -35.1328 -18.0859 -8.29621 47.0838 32.6139 -8.08753 -15.9018 -18.9553 -10.8875 -9.42691 -10.9707 -6.4124 3.87387 13.313 -48.5431 -9.13387 49.2259 -58.273 6.47819 25.8 -27.8993 24.4929 12.2148 -19.152 10.7065 -5.09383 -13.5092 -49.5826 40.127 59.425 33.5829 31.9228 49.9656 2.14915 -12.4658 -18.4688 -33.4751 -11.4574 25.8657 8.69415 -5.25037 
-1.69195 10.6661 -11.0528 -14.8654 -17.5062 2.9242 40.2665 -18.4616 -33.1777 -26.4112 31.2649 22.5276 -44.1881 35.6098 -0.865996 46.7125 26.2465 -58.3399 -11.7214 17.9281 -41.4991 13.313 -27.8079 -12.6139 -26.2045 36.5687 36.5301 14.3979 -39.3905 45.7283 -27.2656 -21.3791 -16.7208 45.8058 8.57355 12.38 -9.13896 -49.4371 -8.91159 -35.077 -27.8864 -15.8561 -49.09 31.1135 4.60196 28.8167 21.5331 55.1492 -5.86849 -6.02399 
68.6254 28.1809 -10.2832 -8.09806 -21.3191 -8.11319 -42.3567 -31.3471 6.05222 39.1675 -1.0358 19.763 -17.3743 -36.9598 -5.10672 58.1853 10.0975 30.5458 -9.15399 -22.9893 -18.9363 -48.5431 -12.6139 54.9397 -30.4217 37.9264 -11.3106 33.5757 -25.36 7.16723 17.4897 24.0322 35.2624 -24.8718 41.4553 18.6701 54.2354 -10.3472 29.7252 25.0834 -17.9284 13.1069 -17.487 -23.4892 4.94191 -0.0718446 -41.1337 16.1284 -30.7642 57.1661 
-19.5049 -2.50749 -2.22609 32.3484 -5.88656 6.17608 6.96638 38.8328 29.5823 15.6661 -7.32284 21.0556 -20.5376 52.6835 16.3696 -55.94 -2.17009 -27.8168 21.6563 -19.7377 6.41067 -9.13387 -26.2045 -30.4217 0.492315 3.47964 -20.227 -1.38902 -2.93423 -15.2953 26.9783 -22.9057 -24.6502 5.83425 25.1285 -38.1033 -20.0368 30.3506 -5.47531 4.23593 -40.5251 -22.6997 46.0515 2.51028 16.5199 40.8183 -3.7346 3.87257 28.3804 23.536 
3.80629 -16.0227 1.72159 -1.42185 12.0514 -27.5832 -10.6591 -1.31286 -2.75172 -16.7122 0.764099 -4.49725 28.5539 3.93694 11.3212 21.0077 28.7718 52.9556 -15.7898 -38.2281 -2.72558 49.2259 36.5687 37.9264 3.47964 20.2828 16.4708 -32.6081 -7.01252 5.7206 46.8635 41.9741 -11.7338 16.9079 -2.82248 27.5072 10.1489 48.0941 -9.16209 -13.7958 7.92229 18.6774 36.745 6.42809 18.4194 -8.52141 -18.3614 -9.26435 -28.2839 -19.7697 
26.4298 -6.24617 -3.85183 -23.8787 36.9795 -4.61834 -6.20345 13.7247 -0.510368 3.28632 -43.8436 70.2088 -52.0367 14.2947 46.6688 8.15262 -1.27771 -2.39178 -25.331 -6.95614 -25.3687 -58.273 36.5301 -11.3106 -20.227 16.4708 67.9808 39.7084 53.2013 11.8504 -48.0129 18.6555 1.78373 -3.67564 -24.079 -52.3101 38.0685 26.0852 38.7636 9.59852 7.3555 12.6983 0.0563609 -42.6171 -33.9063 49.357 40.5748 -19.4254 -30.4542 14.3502 
24.6912 2.04666 -13.7489 -16.046 -21.4169 10.8747 24.0775 17.8055 -15.6076 40.2437 -20.5229 22.3744 30.2192 13.5214 -15.4198 15.4578 12.5577 -16.8481 -50.1591 2.02383 29.5887 6.47819 14.3979 33.5757 -1.38902 -32.6081 39.7084 -4.90773 39.0515 -19.7022 -12.1651 -15.7064 -7.01705 -6.93891 25.2739 11.1296 -6.89954 14.3671 26.2238 18.6772 -25.764 -27.1123 9.27611 9.83952 18.1406 27.6487 41.4754 -12.3799 0.0872004 10.4372 
8.01145 13.6299 -13.5104 4.65862 5.49601 9.41271 9.5259 -9.82719 -18.0969 -39.646 38.6948 1.03882 -2.99647 -8.20105 13.9625 33.5593 -8.83566 -59.1518 1.90142 41.7833 0.407079 25.8 -39.3905 -25.36 -2.93423 -7.01252 53.2013 39.0515 -5.91339 -32.688 11.4459 7.08975 62.9034 8.75278 23.3216 19.5555 -27.2717 -18.0692 -13.5031 -26.0872 7.64645 16.6129 21.1116 27.979 35.3091 -26.4954 18.4106 16.8882 -5.6588 -47.2984 
-24.4562 28.4065 -1.12332 -5.05443 21.0471 -17.8122 -10.7918 9.47006 -14.0897 28.3122 36.0066 3.10413 -7.64095 -24.1622 -26.8231 -26.5067 -26.9955 56.9082 -14.778 31.1409 -20.0385 -27.8993 45.7283 7.16723 -15.2953 5.7206 11.8504 -19.7022 -32.688 21.2213 -17.6264 1.62565 53.3265 -13.2337 -33.5574 -47.309 -55.082 -12.4246 6.97858 24.7857 23.7373 -23.787 1.83397 -25.0211 18.9692 35.6805 -15.8117 -27.0678 -23.0008 9.6039 
3.87413 0.0815767 7.90539 11.9945 30.0856 -3.395 17.8287 -12.9248 -20.0956 53.1767 5.65707 5.49886 -0.575918 67.6151 -42.2162 -28.0316 -53.8964 29.1471 35.5237 -4.5979 61.9408 24.4929 -27.2656 17.4897 26.9783 46.8635 -48.0129 -12.1651 11.4459 -17.6264 -12.6648 16.7489 10.2154 -18.594 1.33042 2.29629 -36.1195 11.1264 -38.4212 -11.1588 29.6985 28.0213 -23.3323 25.9106 -7.50009 -7.81796 -14.7167 33.2114 29.4215 7.07218 
4.92379 0.484804 -4.46365 16.2062 9.61415 -6.65214 -22.6517 10.3649 2.8777 27.9636 43.0902 -30.7337 -26.6978 -2.3867 -9.73668 19.7399 -61.0305 -4.44893 17.2289 20.0366 1.71036 12.2148 -21.3791 24.0322 -22.9057 41.9741 18.6555 -15.7064 7.08975 1.62565 16.7489 1.13557 -6.97733 17.178 8.88468 -37.991 9.57831 18.385 5.27623 -10.2666 -14.3897 30.4259 -4.14692 -5.19363 -33.4492 42.9273 -0.508229 16.5033 6.56131 -41.1235 
-2.52271 -5.36235 8.23499 -0.306068 -8.91123 7.89498 -15.4247 -11.8486 24.3089 26.4596 -37.0779 -18.0926 10.6936 -3.47833 -12.2419 -9.13143 30.3193 53.4862 -29.2428 19.7491 41.8033 -19.152 -16.7208 35.2624 -24.6502 -11.7338 1.78373 -7.01705 62.9034 53.3265 10.2154 -6.97733 3.80281 22.39 11.4891 2.75622 28.7009 -8.51857 -2.75732 38.7396 -12.2118 38.1237 -25.7558 6.26829 -35.0476 1.3502 45.2508 32.8946 -1.44705 -30.9252 
1.87943 3.23285 4.63234 10.8208 31.6769 -1.48116 16.4694 -17.3622 -35.0443 -18.5449 1.43382 31.5842 -23.8588 -12.611 8.57469 9.81636 4.35731 26.7793 2.46972 -10.7729 -28.9883 10.7065 45.8058 -24.8718 5.83425 16.9079 -3.67564 -6.93891 8.75278 -13.2337 -18.594 17.178 22.39 4.76643 -39.5778 18.4686 0.49162 5.05768 -22.8392 -3.10528 28.7604 12.724 -30.1529 -26.6116 -26.1304 -48.9543 1.07655 31.4393 7.30915 -0.751499 
-11.4307 -15.1592 14.0742 19.3681 9.41188 -1.95219 20.2428 -9.90504 -30.1646 -5.3575 -20.6476 -37.9552 -24.3353 14.973 8.05412 -1.94555 27.8565 3.58801 6.97072 7.25562 -1.11303 -5.09383 8.57355 41.4553 25.1285 -2.82248 -24.079 25.2739 23.3216 -33.5574 1.33042 8.88468 11.4891 -39.5778 -10.2442 5.61078 -31.7332 23.8561 -18.8708 -22.9608 26.2399 -27.7602 -43.9114 1.81128 -32.8584 -22.6314 -25.4747 2.96002 7.53363 6.91476 
12.2695 4.38242 -11.5031 6.9395 22.0659 7.65059 -6.41541 -0.274815 20.1198 -10.8218 12.8724 -41.2914 -8.26718 31.9039 42.4147 -50.9156 14.6554 -45.8099 4.50798 30.1318 57.9667 -13.5092 12.38 18.6701 -38.1033 27.5072 -52.3101 11.1296 19.5555 -47.309 2.29629 -37.991 2.75622 18.4686 5.61078 22.9497 8.94883 1.04653 7.55539 -29.3827 -37.3406 32.6533 34.5603 -23.2136 -11.6164 -9.43935 -27.2276 9.10588 8.47702 3.62646 
0.493363 7.42885 5.93716 22.3109 3.29768 -10.0892 -2.34799 -2.36708 -51.7224 -11.6449 -68.5087 1.06431 20.7025 -11.2133 -5.97402 25.7001 30.4992 17.5273 -22.0192 -21.3758 66.8739 -49.5826 -9.13896 54.2354 -20.0368 10.1489 38.0685 -6.89954 -27.2717 -55.082 -36.1195 9.57831 28.7009 0.49162 -31.7332 8.94883 47.9352 -5.92072 -46.9548 -10.4284 -5.6242 1.87653 63.2128 9.06227 1.23963 -13.4671 -32.9145 34.033 -14.2419 -49.5533 
10.2938 -0.283036 -23.9105 3.68231 9.44197 15.228 -9.19748 4.64262 5.95256 -47.8618 9.27095 0.738904 50.2193 4.7261 0.78474 -4.96077 -34.537 0.0566316 -11.0956 39.8325 30.214 40.127 -49.4371 -10.3472 30.3506 48.0941 26.0852 14.3671 -18.0692 -12.4246 11.1264 18.385 -8.51857 5.05768 23.8561 1.04653 -5.92072 -13.4244 36.8544 -45.0016 24.2631 27.1552 -0.777941 -29.2946 -12.5685 -11.66 20.4536 49.2886 -21.5399 -44.1581 
19.7456 3.98373 -5.87359 -9.92661 9.92332 -6.43375 3.66227 18.5773 -6.07521 -32.5537 -18.2523 14.9614 -68.0172 16.7039 -44.3527 18.6817 -7.89766 54.4414 -12.8316 -2.37494 64.8484 59.425 -8.91159 29.7252 -5.47531 -9.16209 38.7636 26.2238 -13.5031 6.97858 -38.4212 5.27623 -2.75732 -22.8392 -18.8708 7.55539 -46.9548 36.8544 -13.8502 -41.2057 32.3575 -29.0825 46.6976 -10.1016 24.8866 -23.01 7.82087 -18.0275 13.5174 14.7947 
25.2395 -10.7833 -14.7512 -20.8307 -24.4637 -12.7777 -5.65982 2.0238 1.7806 8.61232 -25.4099 54.9574 -18.5601 67.3226 -21.3163 -14.2013 -20.7048 22.907 12.675 -22.4081 -13.62 33.5829 -35.077 25.0834 4.23593 -13.7958 9.59852 18.6772 -26.0872 24.7857 -11.1588 -10.2666 38.7396 -3.10528 -22.9608 -29.3827 -10.4284 -45.0016 -41.2057 23.9532 45.5627 41.0693 -24.8973 31.46 -2.86252 42.9413 16.4615 -20.8839 4.74242 -55.024 
38.7195 6.4715 -0.114491 -3.96955 -10.7592 -5.83392 8.87999 13.0239 12.5913 -17.2128 50.5518 -58.1926 13.1362 -9.97939 -37.7417 -55.0548 7.81352 -10.1008 -17.1906 58.992 22.5052 31.9228 -27.8864 -17.9284 -40.5251 7.92229 7.3555 -25.764 7.64645 23.7373 29.6985 -14.3897 -12.2118 28.7604 26.2399 -37.3406 -5.6242 24.2631 32.3575 45.5627 42.4625 -42.7951 0.0848969 0.342368 5.39972 42.7797 23.6163 1.76573 33.0761 0.977944 
-4.68187 -7.79075 11.4439 19.7791 8.97733 -14.225 -18.7985 4.28406 35.6677 -48.6654 -53.8639 15.3689 5.47736 36.8322 -32.2766 -1.0648 -3.54361 58.7111 47.5739 -27.5035 20.8668 49.9656 -15.8561 13.1069 -22.6997 18.6774 12.6983 -27.1123 16.6129 -23.787 28.0213 30.4259 38.1237 12.724 -27.7602 32.6533 1.87653 27.1552 -29.0825 41.0693 -42.7951 -12.6505 8.18434 -11.4528 -18.459 25.9419 -37.7146 -4.61079 -40.0589 13.0903 
13.3259 3.06071 2.33733 -6.07713 -5.54113 7.75618 -3.67796 8.78056 -0.526201 -25.363 9.4882 -24.6705 -31.7789 65.467 -8.71981 33.014 -16.8698 8.54201 -24.7746 49.0462 48.5959 2.14915 -49.09 -17.487 46.0515 36.745 0.0563609 9.27611 21.1116 1.83397 -23.3323 -4.14692 -25.7558 -30.1529 -43.9114 34.5603 63.2128 -0.777941 46.6976 -24.8973 0.0848969 8.18434 52.5063 -43.1524 -10.8583 -2.99507 41.911 -20.3498 36.0272 26.1762 
0.514384 -0.393314 1.21122 2.62721 2.49115 0.350581 -2.01751 -2.84751 37.4883 -12.7163 22.2619 41.3853 -78.5336 41.9339 23.5225 30.4693 -33.4914 48.7387 21.048 -37.4046 8.5038 -12.4658 31.1135 -23.4892 2.51028 6.42809 -42.6171 9.83952 27.979 -25.0211 25.9106 -5.19363 6.26829 -26.6116 1.81128 -23.2136 9.06227 -29.2946 -10.1016 31.46 0.342368 -11.4528 -43.1524 27.3584 -15.436 -11.8481 17.3345 0.741366 -18.506 -15.1292 
-2.54086 1.27644 -8.56455 7.51473 7.55905 -5.61955 -8.74061 3.42157 18.9046 4.79358 17.8966 -70.4706 -37.1433 -3.40503 -43.3334 11.3747 -7.49778 -23.2381 22.5012 -22.5057 -42.1987 -18.4688 4.60196 4.94191 16.5199 18.4194 -33.9063 18.1406 35.3091 18.9692 -7.50009 -33.4492 -35.0476 -26.1304 -32.8584 -11.6164 1.23963 -12.5685 24.8866 -2.86252 5.39972 -18.459 -10.8583 -15.436 14.9651 21.7749 -29.8136 9.63369 -39.5713 8.36241 
13.2877 -6.19987 -5.03253 4.11634 -7.74776 -0.859972 -1.25209 -8.82337 -23.0511 -21.816 -10.8692 22.9331 -17.0492 11.4136 -11.404 -34.9229 -3.46866 13.054 -29.3439 25.1702 -43.4603 -33.4751 28.8167 -0.0718446 40.8183 -8.52141 49.357 27.6487 -26.4954 35.6805 -7.81796 42.9273 1.3502 -48.9543 -22.6314 -9.43935 -13.4671 -11.66 -23.01 42.9413 42.7797 25.9419 -2.99507 -11.8481 21.7749 -29.2978 -35.6086 -19.8555 38.9265 -16.9675 
-2.65352 -2.41933 -8.11671 -5.40825 1.3234 1.47951 0.263214 4.45914 -2.80679 -29.6968 9.92688 25.549 34.8139 49.9132 42.9237 50.5581 0.934879 -17.5843 10.4839 22.7586 -20.9595 -11.4574 21.5331 -41.1337 -3.7346 -18.3614 40.5748 41.4754 18.4106 -15.8117 -14.7167 -0.508229 45.2508 1.07655 -25.4747 -27.2276 -32.9145 20.4536 7.82087 16.4615 23.6163 -37.7146 41.911 17.3345 -29.8136 -35.6086 -19.7878 -23.6469 -12.9887 34.2773 
-10.9693 0.415384 -0.235443 12.314 6.02688 2.68835 3.68607 -0.0280383 6.94854 15.0956 -12.8202 14.8907 -15.9547 -5.07289 -25.4115 32.0838 11.0569 10.9277 36.7187 -2.24552 -21.8227 25.8657 55.1492 16.1284 3.87257 -9.26435 -19.4254 -12.3799 16.8882 -27.0678 33.2114 16.5033 32.8946 31.4393 2.96002 9.10588 34.033 49.2886 -18.0275 -20.8839 1.76573 -4.61079 -20.3498 0.741366 9.63369 -19.8555 -23.6469 25.0446 27.9388 8.84089 
-14.5998 8.64491 -9.1027 -1.05006 -14.8192 0.0516401 -3.16228 -7.17396 55.2045 26.5654 26.249 32.9288 -92.1621 10.3244 -42.431 57.9932 26.1602 -31.1084 -40.18 26.6265 -42.9842 8.69415 -5.86849 -30.7642 28.3804 -28.2839 -30.4542 0.0872004 -5.6588 -23.0008 29.4215 6.56131 -1.44705 7.30915 7.53363 8.47702 -14.2419 -21.5399 13.5174 4.74242 33.0761 -40.0589 36.0272 -18.506 -39.5713 38.9265 -12.9887 27.9388 38.24 -57.9971 
-0.188685 -3.08079 -0.700843 14.5809 -0.0498707 2.42013 0.818675 0 -17.7851 13.1868 -1.64822 -12.3515 -5.32049 46.6069 12.6369 -62.0781 -56.7242 -12.2731 0.248457 18.2783 -16.2668 -5.25037 -6.02399 57.1661 23.536 -19.7697 14.3502 10.4372 -47.2984 9.6039 7.07218 -41.1235 -30.9252 -0.751499 6.91476 3.62646 -49.5533 -44.1581 14.7947 -55.024 0.977944 13.0903 26.1762 -15.1292 8.36241 -16.9675 34.2773 8.84089 -57.9971 -0.693444 
