2552.24 -0.00200247 0.0131332 0.0263682 -0.05133 0.0567074 0.00981151 0.00533131 -0.0158756 -0.00478446 -0.0328037 -0.0308486 -0.00198939 0.0160956 -0.0231108 0.0491726 0.00220751 0.0364696 0.00649859 -0.0449043 0.0370645 0.0446249 0.0170096 -0.00712092 -0.00301649 -0.0354882 -0.0163944 -0.0187588 -0.000762588 -0.0564609 -0.0181393 0.0190922 0.00973098 -0.00942277 0.0214342 -0.0062898 -0.00364065 -0.0039992 -0.0223887 0.00554516 -0.00868035 0.00853615 -0.0210377 -0.0209421 0.0390079 0.00101664 0.0129306 0.0225116 -0.00260768 -0.00212395 
-0.00200247 -273.314 6.19844 -11.6759 8.09716 -3.90297 12.5273 -4.98863 -3.18598 -5.45208 5.1154 1.36173 -2.95716 12.2265 0.777084 -1.84351 -3.06789 5.33364 1.19885 1.52542 3.66305 2.75311 0.532288 1.30709 -0.0470279 -4.89722 -2.84927 0.145451 0.642815 -5.27615 -2.24926 -2.32572 -1.66331 -2.05035 -0.707334 -0.499813 1.49677 0.544641 -3.89516 0.567619 -1.63544 0.697575 -0.936846 -1.36893 3.17659 -0.245045 0.206447 2.57093 -0.4585 0.0538637 
0.0131332 6.19844 -323.199 5.69637 -2.52626 4.17536 -5.63826 2.49129 -0.751191 2.33715 2.02376 -1.61464 -5.12317 1.81453 -5.68352 -3.66655 -1.21713 0.602773 2.54861 1.23288 0.18749 2.35259 -1.72938 -0.120511 -1.08109 -1.1724 0.361292 -2.49703 -2.07018 -1.6496 -0.745197 0.223605 1.14053 0.632671 -0.640869 -0.443753 -0.769019 0.0713941 -1.17356 0.266786 -0.0942166 0.0971143 -0.0561113 -0.537483 0.408885 0.235944 0.311717 0.667125 0.230019 -0.487489 
0.0263682 -11.6759 5.69637 276.36 -10.6864 4.54391 -5.47427 -6.35458 1.9915 -1.90326 -8.9426 -2.38803 -5.91327 -2.79344 -4.08558 1.1716 -3.60887 3.39901 3.3108 5.78799 -1.06346 3.42661 -3.52983 -0.849802 0.768397 -2.20912 -0.537592 -3.22103 -1.41491 -2.57656 -0.667129 0.391223 0.907255 0.772432 -1.14136 -0.9271 -1.31308 0.157734 -1.83609 -0.124848 -1.32045 -0.412222 0.428007 -0.0957197 -0.211039 0.476617 0.230867 -0.641989 0.652953 -0.444047 
-0.05133 8.09716 -2.52626 -10.6864 -331.229 -2.26688 -3.42403 2.40389 -2.12601 3.1482 1.46269 3.25976 0.429 -0.968996 0.654145 -1.8542 -0.75377 -2.05096 0.837007 2.28892 0.652675 -1.71787 -1.44869 -0.407217 0.499258 0.0890448 0.624201 1.00833 -0.480923 1.3545 0.642871 -0.313987 0.456686 0.302818 0.843952 0.667661 0.123558 -0.178978 0.757353 -0.323817 0.667931 0.0500101 -0.220998 0.181026 0.192227 -0.189603 -0.0370381 0.477527 -0.183772 0.284856 
0.0567074 -3.90297 4.17536 4.54391 -2.26688 -263.603 8.09333 2.49115 4.01095 -6.1063 8.14914 -0.797667 -5.27608 -4.06415 11.2003 -11.401 -9.69842 -8.25563 -13.4831 12.481 -6.24774 -11.156 -4.4757 0.344594 5.1408 6.37065 1.75836 7.26234 -0.171818 9.19491 2.16223 -3.8222 -3.02662 -0.828542 -0.70408 1.97591 0.503934 1.48586 1.94179 -1.30522 0.413123 -1.30543 4.16505 3.42318 -6.27799 -0.291508 -2.23187 -3.60941 0.893064 0.877184 
0.00981151 12.5273 -5.63826 -5.47427 -3.42403 8.09333 -279.952 -2.14166 7.92705 2.60284 -2.97336 -0.50775 3.7149 -9.60688 0.903522 1.50639 3.68128 -3.63353 -2.07374 0.291943 -6.32994 -4.22962 1.18228 0.0851794 -0.0305147 5.96575 2.22162 0.572324 -0.206001 6.71384 2.12871 -0.0192092 0.743325 1.43775 -1.9127 0.260893 -1.74729 0.0629929 3.78973 -0.295634 1.02545 -1.44098 2.40966 2.54912 -5.72601 0.635818 -1.16365 -4.26893 0.739863 -0.0182358 
0.00533131 -4.98863 2.49129 -6.35458 2.40389 2.49115 -2.14166 -362.867 -0.322789 -0.371952 -0.533426 0.69374 1.63785 -0.903147 0.0416691 0.959412 0.91581 -0.349846 -0.244837 -0.9041 0.435329 -0.587321 -0.33483 0.0326456 -0.322809 -0.232426 0.0236771 0.0832558 0.492862 0.0195192 0.460997 0.330584 -0.0251413 0.106888 0.345631 -0.122486 0.479214 -0.260569 0.248682 -0.0401379 0.0573614 -0.0361156 -0.194372 0.00087041 0.229778 -0.128785 0.117257 0.132122 -0.125367 0.0720579 
-0.0158756 -3.18598 -0.751191 1.9915 -2.12601 4.01095 7.92705 -0.322789 379.548 -0.0209962 -0.6026 -2.33269 -2.55882 -0.759703 -0.0955019 -0.599749 -2.29981 -0.0868427 0.944799 1.7845 -0.844011 -1.16488 -0.319742 0.00373167 0.593183 0.573428 -0.0983907 -0.473703 -0.2143 0.182143 1.25822 -0.646674 -0.414808 0.637162 -0.281654 -0.21624 -0.0627793 0.314496 -0.0791586 -0.0656931 -0.284271 -0.711069 0.487177 0.306916 -0.69838 -0.0757642 -0.322962 -0.526155 0.229694 0.0175654 
-0.00478446 -5.45208 2.33715 -1.90326 3.1482 -6.1063 2.60284 -0.371952 -0.0209962 323.013 4.66221 -0.34837 0.0172109 -1.41546 0.858987 -1.05103 0.670899 -1.33842 -0.503651 -0.16735 -1.24439 -0.978362 1.03477 0.62611 -0.777069 1.58795 0.656418 0.868892 -0.00493945 1.22111 0.111263 -0.799297 0.138047 0.36436 0.0968736 0.466321 -0.403937 0.344786 0.909106 0.0604922 0.543894 -0.258822 0.398508 0.384533 -1.11596 0.0518168 -0.357043 -0.794158 0.113084 -0.0728292 
-0.0328037 5.1154 2.02376 -8.9426 1.46269 8.14914 -2.97336 -0.533426 -0.6026 4.66221 -287.973 0.310499 1.71617 -1.18712 -0.330758 0.983819 0.767834 -0.181381 1.30771 -0.743737 -0.215783 -0.179778 1.28716 0.0438798 0.0449427 0.463382 0.353366 -0.590199 0.4236 0.843755 0.398668 0.244336 0.124303 0.291188 -0.149523 -0.244899 -0.076297 -0.0551748 0.732708 -0.191082 0.279155 -0.223569 -0.0410687 0.149946 -0.248988 0.0233942 -0.0870767 -0.211664 -0.0278994 0.0298786 
-0.0308486 1.36173 -1.61464 -2.38803 3.25976 -0.797667 -0.50775 0.69374 -2.33269 -0.34837 0.310499 312.915 6.76544 -0.760201 0.523246 -1.799 2.72807 -3.602 -1.28779 -3.30888 1.45472 -1.05404 0.248043 0.00315734 -1.05932 1.70165 1.00743 0.564115 0.786264 2.05805 -0.541093 0.360078 0.604772 -0.276161 1.81846 0.240421 0.631836 -0.570546 1.61926 -0.231687 1.34477 0.588444 -0.8655 -0.105171 0.991107 -0.20799 0.123416 0.792081 -0.366867 0.210381 
-0.00198939 -2.95716 -5.12317 -5.91327 0.429 -5.27608 3.7149 1.63785 -2.55882 0.0172109 1.71617 6.76544 220.188 -6.7796 -3.9466 -3.02761 -0.918993 0.986196 0.767582 3.71107 2.3534 0.753595 -2.57694 -1.50854 -0.87294 -0.860745 2.36024 0.496899 -0.325151 -0.462717 -2.02108 0.896686 0.615469 -0.993023 1.30323 0.384407 0.979945 -0.816433 0.0722969 -0.36767 2.4963 1.13508 -0.640672 -0.411029 1.41071 -0.0966924 0.606261 1.94376 -0.0928004 0.156554 
0.0160956 12.2265 1.81453 -2.79344 -0.968996 -4.06415 -9.60688 -0.903147 -0.759703 -1.41546 -1.18712 -0.760201 -6.7796 251.764 -1.14474 -0.307085 -0.120768 11.8474 3.11713 2.48065 0.915575 5.37195 -0.0273752 -0.132085 1.59144 -8.22275 -3.62974 -3.16852 0.576995 -4.47463 -2.29882 1.25028 0.222542 -0.644784 -3.65316 -0.833431 -0.184585 -0.0374589 -4.06825 0.273376 -2.75727 0.797259 -0.35067 -0.960832 1.21449 0.206388 0.68129 1.03003 -0.162934 -0.209149 
-0.0231108 0.777084 -5.68352 -4.08558 0.654145 11.2003 0.903522 0.0416691 -0.0955019 0.858987 -0.330758 0.523246 -3.9466 -1.14474 -199.154 3.07694 -1.28083 -2.05622 -7.04491 0.0479445 -8.79972 -3.75691 -9.8394 -1.46234 0.458779 -1.02992 -0.506157 2.46853 -2.07045 6.74589 0.53328 -0.367043 -0.333261 0.876665 -5.0697 1.243 -1.55117 1.0321 2.84578 -0.651739 -2.22677 -0.773588 3.81573 3.2912 -6.9181 0.895732 -1.75897 -5.9184 0.646646 -0.502502 
0.0491726 -1.84351 -3.66655 1.1716 -1.8542 -11.401 1.50639 0.959412 -0.599749 -1.05103 0.983819 -1.799 -3.02761 -0.307085 3.07694 263.905 -3.62751 6.85947 0.702577 -1.68789 -0.795794 4.43215 0.194527 -1.28231 1.56193 -4.08759 -2.80789 -0.664437 2.27661 -3.33199 -0.829816 1.18443 -0.0408137 -0.689912 -2.11389 -0.0279802 -0.770275 -0.0938595 -2.83634 -0.0987402 -2.20613 0.669764 0.319566 -0.424204 0.248138 0.505229 0.471972 -0.347149 0.125358 -0.182044 
0.00220751 -3.06789 -1.21713 -3.60887 -0.75377 -9.69842 3.68128 0.91581 -2.29981 0.670899 0.767834 2.72807 -0.918993 -0.120768 -1.28083 -3.62751 -224.524 -7.55397 -3.28133 -1.5638 -3.71171 -3.43703 -1.68384 -2.24113 2.17195 5.46458 1.29896 1.70082 1.90057 4.47203 1.6282 0.785945 -1.03985 0.794614 0.809496 0.671278 -0.178748 0.331183 2.29625 -0.714267 0.420279 -0.473162 1.3868 1.51172 -3.12543 0.0684962 -1.07359 -2.86843 0.39139 0.0453077 
0.0364696 5.33364 0.602773 3.39901 -2.05096 -8.25563 -3.63353 -0.349846 -0.0868427 -1.33842 -0.181381 -3.602 0.986196 11.8474 -2.05622 6.85947 -7.55397 228.496 8.25087 -0.178422 0.453016 14.7602 -0.0687644 -2.33916 0.87122 -0.128172 0.667614 -5.1815 -0.753444 -3.19066 -8.39099 1.64835 3.63835 -2.1561 -0.937125 -1.74978 -1.77136 -0.526001 -2.3087 0.653842 0.4978 3.54583 -0.3208 -1.10142 0.353729 0.973088 1.03657 0.835465 0.0516093 -0.457463 
0.00649859 1.19885 2.54861 3.3108 0.837007 -13.4831 -2.07374 -0.244837 0.944799 -0.503651 1.30771 -1.28779 0.767582 3.11713 -7.04491 0.702577 -3.28133 8.25087 -260.113 -1.45785 -9.42063 -3.82418 1.40583 -1.83321 2.28303 1.07915 -0.885516 2.9841 0.909682 5.47461 2.06372 1.14601 -2.15464 1.11859 -4.767 0.880179 -0.971287 0.717653 1.45663 -0.908781 -2.46421 -1.52862 3.74795 3.00124 -7.21503 0.960685 -1.52647 -6.14977 0.90175 -0.448097 
-0.0449043 1.52542 1.23288 5.78799 2.28892 12.481 0.291943 -0.9041 1.7845 -0.16735 -0.743737 -3.30888 3.71107 2.48065 0.0479445 -1.68789 -1.5638 -0.178422 -1.45785 272.347 -1.0892 -1.7244 -0.99901 0.851991 0.215696 -0.157337 0.463776 -0.213939 -0.805613 1.74508 0.926498 -1.1754 0.020959 0.351732 -1.20091 -0.582466 -0.0812053 0.236086 1.27097 0.0895157 0.190399 -0.820712 0.487078 0.638556 -1.12086 -0.00671483 -0.406712 -0.628567 0.0551246 -0.0136548 
0.0370645 3.66305 0.18749 -1.06346 0.652675 -6.24774 -6.32994 0.435329 -0.844011 -1.24439 -0.215783 1.45472 2.3534 0.915575 -8.79972 -0.795794 -3.71171 0.453016 -9.42063 -1.0892 89.5975 -2.04777 -5.46392 4.41033 3.98839 -6.09493 5.50185 0.457003 -5.3702 -7.73846 3.12728 1.52836 -3.3333 1.50397 0.645757 -0.0556525 8.15899 -3.44249 -1.50125 1.0302 4.36178 1.85089 -1.06638 -0.446386 -1.20865 -1.87043 1.89756 1.64009 0.071893 0.313136 
0.0446249 2.75311 2.35259 3.42661 -1.71787 -11.156 -4.22962 -0.587321 -1.16488 -0.978362 -0.179778 -1.05404 0.753595 5.37195 -3.75691 4.43215 -3.43703 14.7602 -3.82418 -1.7244 -2.04777 -155.531 0.783776 0.59799 1.37873 -0.472209 -1.00984 -1.10634 -4.14485 14.6413 2.45979 -2.03547 2.49075 1.00848 1.46714 0.898798 -1.78811 0.3936 6.61067 -1.28614 -1.05512 0.629508 1.05194 2.50199 -2.16427 0.137108 -0.798351 -1.327 -0.834648 -0.0646176 
0.0170096 0.532288 -1.72938 -3.52983 -1.44869 -4.4757 1.18228 -0.33483 -0.319742 1.03477 1.28716 0.248043 -2.57694 -0.0273752 -9.8394 0.194527 -1.68384 -0.0687644 1.40583 -0.99901 -5.46392 0.783776 -232.588 0.464236 0.24872 -0.522289 -0.0542361 -0.510625 0.333573 -0.636941 0.405877 -0.244895 -0.338353 0.101244 -0.875622 -0.414091 0.47071 -0.0406816 -0.497471 -0.111211 -0.175847 -0.199486 0.103718 0.0302349 -0.0724224 -0.0794211 -0.0100656 0.0581629 0.0415018 0.0255006 
-0.00712092 1.30709 -0.120511 -0.849802 -0.407217 0.344594 0.0851794 0.0326456 0.00373167 0.62611 0.0438798 0.00315734 -1.50854 -0.132085 -1.46234 -1.28231 -2.24113 -2.33916 -1.83321 0.851991 4.41033 0.59799 0.464236 -159.788 -1.77402 3.56366 1.64642 0.428315 -3.29578 0.376398 -0.78708 0.126522 0.571371 -0.796048 0.699056 -0.19931 -0.28852 -0.409057 1.02063 0.124991 1.53681 0.0508167 -0.0911582 0.0251531 0.0118255 0.305405 0.285831 0.278 0.175142 -0.0090268 
-0.00301649 -0.0470279 -1.08109 0.768397 0.499258 5.1408 -0.0305147 -0.322809 0.593183 -0.777069 0.0449427 -1.05932 -0.87294 1.59144 0.458779 1.56193 2.17195 0.87122 2.28303 0.215696 3.98839 1.37873 0.24872 -1.77402 -152.113 -1.44473 -0.953316 0.499747 1.15974 0.193124 0.254575 -0.491318 0.796381 0.139564 1.19004 0.245678 -0.368333 0.0562503 -0.301637 0.136491 -0.834226 -0.0220323 -0.120226 -0.0793845 0.241133 0.0704769 -0.0065697 -0.195301 -0.137024 -0.019086 
-0.0354882 -4.89722 -1.1724 -2.20912 0.0890448 6.37065 5.96575 -0.232426 0.573428 1.58795 0.463382 1.70165 -0.860745 -8.22275 -1.02992 -4.08759 5.46458 -0.128172 1.07915 -0.157337 -6.09493 -0.472209 -0.522289 3.56366 -1.44473 175.091 2.61269 -1.39087 3.37834 0.416874 1.71158 -0.431894 0.693325 1.15067 -0.654429 -0.661406 -0.349817 -0.128585 2.17548 0.120359 2.38835 -0.822458 -0.0531261 0.122266 -0.0576501 0.14805 -0.0474007 0.401763 0.166383 0.00277866 
-0.0163944 -2.84927 0.361292 -0.537592 0.624201 1.75836 2.22162 0.0236771 -0.0983907 0.656418 0.353366 1.00743 2.36024 -3.62974 -0.506157 -2.80789 1.29896 0.667614 -0.885516 0.463776 5.50185 -1.00984 -0.0542361 1.64642 -0.953316 2.61269 131.48 0.369745 -0.435136 -5.19921 -3.88403 4.6035 2.24813 2.63483 -0.00966452 6.13429 -0.187101 0.117159 -2.47605 0.496722 0.825376 2.32829 0.0934053 -1.03746 0.309258 -0.191165 0.54536 0.127361 0.358418 -0.567212 
-0.0187588 0.145451 -2.49703 -3.22103 1.00833 7.26234 0.572324 0.0832558 -0.473703 0.868892 -0.590199 0.564115 0.496899 -3.16852 2.46853 -0.664437 1.70082 -5.1815 2.9841 -0.213939 0.457003 -1.10634 -0.510625 0.428315 0.499747 -1.39087 0.369745 -149.115 -0.274181 -1.45139 2.37949 0.837829 1.02523 -0.676073 -3.25041 -2.86055 -0.762879 -0.887347 -1.14055 0.266328 -0.526178 -1.96103 -0.199433 -0.208332 -0.104874 0.82557 0.661208 0.508269 0.30435 0.161113 
-0.000762588 0.642815 -2.07018 -1.41491 -0.480923 -0.171818 -0.206001 0.492862 -0.2143 -0.00493945 0.4236 0.786264 -0.325151 0.576995 -2.07045 2.27661 1.90057 -0.753444 0.909682 -0.805613 -5.3702 -4.14485 0.333573 -3.29578 1.15974 3.37834 -0.435136 -0.274181 185.736 0.101299 0.797785 0.193385 -0.251744 0.548064 -0.500452 -0.501708 0.107752 -0.0313017 -0.049437 -0.0484337 -0.235046 -0.492232 -0.0571064 0.00163406 0.164094 -0.00262887 -0.0377442 0.0439239 -0.017132 0.0487045 
-0.0564609 -5.27615 -1.6496 -2.57656 1.3545 9.19491 6.71384 0.0195192 0.182143 1.22111 0.843755 2.05805 -0.462717 -4.47463 6.74589 -3.33199 4.47203 -3.19066 5.47461 1.74508 -7.73846 14.6413 -0.636941 0.376398 0.193124 0.416874 -5.19921 -1.45139 0.101299 117.611 -3.65831 1.56633 2.38858 -0.751397 3.38169 4.68545 -3.68325 0.401377 1.32756 0.0290483 -0.344519 2.16747 0.186233 -0.316015 0.916996 0.46441 0.331304 -0.111171 -0.0137507 -0.361557 
-0.0181393 -2.24926 -0.745197 -0.667129 0.642871 2.16223 2.12871 0.460997 1.25822 0.111263 0.398668 -0.541093 -2.02108 -2.29882 0.53328 -0.829816 1.6282 -8.39099 2.06372 0.926498 3.12728 2.45979 0.405877 -0.78708 0.254575 1.71158 -3.88403 2.37949 0.797785 -3.65831 -124.571 0.464786 -1.75426 1.32804 0.0251941 1.96958 1.50851 0.5631 -0.411437 0.140496 0.0905601 1.27965 0.209638 0.0426238 -0.0527434 -0.900047 -0.40747 -0.237596 -0.183321 -0.128516 
0.0190922 -2.32572 0.223605 0.391223 -0.313987 -3.8222 -0.0192092 0.330584 -0.646674 -0.799297 0.244336 0.360078 0.896686 1.25028 -0.367043 1.18443 0.785945 1.64835 1.14601 -1.1754 1.52836 -2.03547 -0.244895 0.126522 -0.491318 -0.431894 4.6035 0.837829 0.193385 1.56633 0.464786 -175.803 -0.0122769 0.550676 0.521887 0.41736 -0.250964 0.592629 0.572692 0.151048 0.227155 0.10087 0.0460497 0.0495576 -0.0977181 -0.241766 -0.3852 -0.0778186 -0.0379651 -0.0397394 
0.00973098 -1.66331 1.14053 0.907255 0.456686 -3.02662 0.743325 -0.0251413 -0.414808 0.138047 0.124303 0.604772 0.615469 0.222542 -0.333261 -0.0408137 -1.03985 3.63835 -2.15464 0.020959 -3.3333 2.49075 -0.338353 0.571371 0.796381 0.693325 2.24813 1.02523 -0.251744 2.38858 -1.75426 -0.0122769 -74.2156 2.23398 -15.2936 0.519675 2.92208 0.0752025 -3.12696 -0.130943 0.0620772 -0.573946 0.822491 -0.108245 -1.14632 0.214007 0.020643 0.518433 0.471244 -0.445371 
-0.00942277 -2.05035 0.632671 0.772432 0.302818 -0.828542 1.43775 0.106888 0.637162 0.36436 0.291188 -0.276161 -0.993023 -0.644784 0.876665 -0.689912 0.794614 -2.1561 1.11859 0.351732 1.50397 1.00848 0.101244 -0.796048 0.139564 1.15067 2.63483 -0.676073 0.548064 -0.751397 1.32804 0.550676 2.23398 -95.4024 -1.01886 -2.69682 -0.414884 -1.48772 -1.80625 0.167306 -0.980892 -1.52328 -0.473092 -0.17167 0.463944 0.59893 1.10567 0.251705 0.0124931 0.201192 
0.0214342 -0.707334 -0.640869 -1.14136 0.843952 -0.70408 -1.9127 0.345631 -0.281654 0.0968736 -0.149523 1.81846 1.30323 -3.65316 -5.0697 -2.11389 0.809496 -0.937125 -4.767 -1.20091 0.645757 1.46714 -0.875622 0.699056 1.19004 -0.654429 -0.00966452 -3.25041 -0.500452 3.38169 0.0251941 0.521887 -15.2936 -1.01886 162.322 1.22759 -0.541791 -0.421987 -0.200877 -0.154798 -0.173391 0.767483 -0.282325 -0.207707 0.623457 0.200778 0.390031 0.095792 -0.033089 -0.00861916 
-0.0062898 -0.499813 -0.443753 -0.9271 0.667661 1.97591 0.260893 -0.122486 -0.21624 0.466321 -0.244899 0.240421 0.384407 -0.833431 1.243 -0.0279802 0.671278 -1.74978 0.880179 -0.582466 -0.0556525 0.898798 -0.414091 -0.19931 0.245678 -0.661406 6.13429 -2.86055 -0.501708 4.68545 1.96958 0.41736 0.519675 -2.69682 1.22759 -66.6 0.113255 0.902484 3.04105 -1.31669 1.02047 -0.292048 0.0100233 0.176747 0.445024 0.0686586 -0.938201 0.200458 0.119697 0.0788354 
-0.00364065 1.49677 -0.769019 -1.31308 0.123558 0.503934 -1.74729 0.479214 -0.0627793 -0.403937 -0.076297 0.631836 0.979945 -0.184585 -1.55117 -0.770275 -0.178748 -1.77136 -0.971287 -0.0812053 8.15899 -1.78811 0.47071 -0.28852 -0.368333 -0.349817 -0.187101 -0.762879 0.107752 -3.68325 1.50851 -0.250964 2.92208 -0.414884 -0.541791 0.113255 -55.2105 1.39138 1.32004 0.90953 0.0966075 -0.433463 -0.82524 -0.199216 0.412444 -0.4526 -1.07514 0.0878719 -0.199672 0.0550391 
-0.0039992 0.544641 0.0713941 0.157734 -0.178978 1.48586 0.0629929 -0.260569 0.314496 0.344786 -0.0551748 -0.570546 -0.816433 -0.0374589 1.0321 -0.0938595 0.331183 -0.526001 0.717653 0.236086 -3.44249 0.3936 -0.0406816 -0.409057 0.0562503 -0.128585 0.117159 -0.887347 -0.0313017 0.401377 0.5631 0.592629 0.0752025 -1.48772 -0.421987 0.902484 1.39138 -25.2797 0.713911 -1.42906 -0.203884 -0.0540512 -3.96171 -1.15479 -0.042633 0.782889 -0.361889 0.168084 0.0209172 0.788321 
-0.0223887 -3.89516 -1.17356 -1.83609 0.757353 1.94179 3.78973 0.248682 -0.0791586 0.909106 0.732708 1.61926 0.0722969 -4.06825 2.84578 -2.83634 2.29625 -2.3087 1.45663 1.27097 -1.50125 6.61067 -0.497471 1.02063 -0.301637 2.17548 -2.47605 -1.14055 -0.049437 1.32756 -0.411437 0.572692 -3.12696 -1.80625 -0.200877 3.04105 1.32004 0.713911 139.724 -0.0972681 0.0772172 -0.184967 0.127686 0.00882649 -0.030132 0.0301202 -0.0164216 0.020726 0.0266275 -0.00776307 
0.00554516 0.567619 0.266786 -0.124848 -0.323817 -1.30522 -0.295634 -0.0401379 -0.0656931 0.0604922 -0.191082 -0.231687 -0.36767 0.273376 -0.651739 -0.0987402 -0.714267 0.653842 -0.908781 0.0895157 1.0302 -1.28614 -0.111211 0.124991 0.136491 0.120359 0.496722 0.266328 -0.0484337 0.0290483 0.140496 0.151048 -0.130943 0.167306 -0.154798 -1.31669 0.90953 -1.42906 -0.0972681 -8.59071 -0.65177 -0.839954 -0.657157 0.120809 1.36641 0.0424457 -0.0660706 0.334532 -0.0860571 0.105916 
-0.00868035 -1.63544 -0.0942166 -1.32045 0.667931 0.413123 1.02545 0.0573614 -0.284271 0.543894 0.279155 1.34477 2.4963 -2.75727 -2.22677 -2.20613 0.420279 0.4978 -2.46421 0.190399 4.36178 -1.05512 -0.175847 1.53681 -0.834226 2.38835 0.825376 -0.526178 -0.235046 -0.344519 0.0905601 0.227155 0.0620772 -0.980892 -0.173391 1.02047 0.0966075 -0.203884 0.0772172 -0.65177 134.294 0.530515 0.211378 0.100414 -0.720546 -0.328759 -0.132572 -0.172403 0.0356635 -0.0424057 
0.00853615 0.697575 0.0971143 -0.412222 0.0500101 -1.30543 -1.44098 -0.0361156 -0.711069 -0.258822 -0.223569 0.588444 1.13508 0.797259 -0.773588 0.669764 -0.473162 3.54583 -1.52862 -0.820712 1.85089 0.629508 -0.199486 0.0508167 -0.0220323 -0.822458 2.32829 -1.96103 -0.492232 2.16747 1.27965 0.10087 -0.573946 -1.52328 0.767483 -0.292048 -0.433463 -0.0540512 -0.184967 -0.839954 0.530515 -88.8032 -0.0730623 0.00520216 0.189946 0.0732999 0.00655192 0.0534869 0.00286866 0.0106138 
-0.0210377 -0.936846 -0.0561113 0.428007 -0.220998 4.16505 2.40966 -0.194372 0.487177 0.398508 -0.0410687 -0.8655 -0.640672 -0.35067 3.81573 0.319566 1.3868 -0.3208 3.74795 0.487078 -1.06638 1.05194 0.103718 -0.0911582 -0.120226 -0.0531261 0.0934053 -0.199433 -0.0571064 0.186233 0.209638 0.0460497 0.822491 -0.473092 -0.282325 0.0100233 -0.82524 -3.96171 0.127686 -0.657157 0.211378 -0.0730623 44.7507 0.00162644 -0.0674499 0.138584 -0.0954507 0.0580697 0.117766 0.00311871 
-0.0209421 -1.36893 -0.537483 -0.0957197 0.181026 3.42318 2.54912 0.00087041 0.306916 0.384533 0.149946 -0.105171 -0.411029 -0.960832 3.2912 -0.424204 1.51172 -1.10142 3.00124 0.638556 -0.446386 2.50199 0.0302349 0.0251531 -0.0793845 0.122266 -1.03746 -0.208332 0.00163406 -0.316015 0.0426238 0.0495576 -0.108245 -0.17167 -0.207707 0.176747 -0.199216 -1.15479 0.00882649 0.120809 0.100414 0.00520216 0.00162644 70.7678 0.305728 0.129525 0.0643981 0.0617757 -0.0196706 -0.0028421 
0.0390079 3.17659 0.408885 -0.211039 0.192227 -6.27799 -5.72601 0.229778 -0.69838 -1.11596 -0.248988 0.991107 1.41071 1.21449 -6.9181 0.248138 -3.12543 0.353729 -7.21503 -1.12086 -1.20865 -2.16427 -0.0724224 0.0118255 0.241133 -0.0576501 0.309258 -0.104874 0.164094 0.916996 -0.0527434 -0.0977181 -1.14632 0.463944 0.623457 0.445024 0.412444 -0.042633 -0.030132 1.36641 -0.720546 0.189946 -0.0674499 0.305728 64.4082 -0.419361 -0.257409 0.0697037 -0.00523963 -0.00623687 
0.00101664 -0.245045 0.235944 0.476617 -0.189603 -0.291508 0.635818 -0.128785 -0.0757642 0.0518168 0.0233942 -0.20799 -0.0966924 0.206388 0.895732 0.505229 0.0684962 0.973088 0.960685 -0.00671483 -1.87043 0.137108 -0.0794211 0.305405 0.0704769 0.14805 -0.191165 0.82557 -0.00262887 0.46441 -0.900047 -0.241766 0.214007 0.59893 0.200778 0.0686586 -0.4526 0.782889 0.0301202 0.0424457 -0.328759 0.0732999 0.138584 0.129525 -0.419361 -5.77719 -0.0219825 -0.0468286 -0.00974329 0 
0.0129306 0.206447 0.311717 0.230867 -0.0370381 -2.23187 -1.16365 0.117257 -0.322962 -0.357043 -0.0870767 0.123416 0.606261 0.68129 -1.75897 0.471972 -1.07359 1.03657 -1.52647 -0.406712 1.89756 -0.798351 -0.0100656 0.285831 -0.0065697 -0.0474007 0.54536 0.661208 -0.0377442 0.331304 -0.40747 -0.3852 0.020643 1.10567 0.390031 -0.938201 -1.07514 -0.361889 -0.0164216 -0.0660706 -0.132572 0.00655192 -0.0954507 0.0643981 -0.257409 -0.0219825 -29.6896 0 -0.107246 -0.815524 
0.0225116 2.57093 0.667125 -0.641989 0.477527 -3.60941 -4.26893 0.132122 -0.526155 -0.794158 -0.211664 0.792081 1.94376 1.03003 -5.9184 -0.347149 -2.86843 0.835465 -6.14977 -0.628567 1.64009 -1.327 0.0581629 0.278 -0.195301 0.401763 0.127361 0.508269 0.0439239 -0.111171 -0.237596 -0.0778186 0.518433 0.251705 0.095792 0.200458 0.0878719 0.168084 0.020726 0.334532 -0.172403 0.0534869 0.0580697 0.0617757 0.0697037 -0.0468286 0 100.738 1.06132 0.576186 
-0.00260768 -0.4585 0.230019 0.652953 -0.183772 0.893064 0.739863 -0.125367 0.229694 0.113084 -0.0278994 -0.366867 -0.0928004 -0.162934 0.646646 0.125358 0.39139 0.0516093 0.90175 0.0551246 0.071893 -0.834648 0.0415018 0.175142 -0.137024 0.166383 0.358418 0.30435 -0.017132 -0.0137507 -0.183321 -0.0379651 0.471244 0.0124931 -0.033089 0.119697 -0.199672 0.0209172 0.0266275 -0.0860571 0.0356635 0.00286866 0.117766 -0.0196706 -0.00523963 -0.00974329 -0.107246 1.06132 19.75 0.65513 
-0.00212395 0.0538637 -0.487489 -0.444047 0.284856 0.877184 -0.0182358 0.0720579 0.0175654 -0.0728292 0.0298786 0.210381 0.156554 -0.209149 -0.502502 -0.182044 0.0453077 -0.457463 -0.448097 -0.0136548 0.313136 -0.0646176 0.0255006 -0.0090268 -0.019086 0.00277866 -0.567212 0.161113 0.0487045 -0.361557 -0.128516 -0.0397394 -0.445371 0.201192 -0.00861916 0.0788354 0.0550391 0.788321 -0.00776307 0.105916 -0.0424057 0.0106138 0.00311871 -0.0028421 -0.00623687 0 -0.815524 0.576186 0.65513 54.9607 
