2175.82 108.375 80.1127 -17.7276 15.5953 77.4633 9.12925 14.5387 7.56347 15.2768 -15.1047 45.8622 56.2531 49.4505 63.1078 30.1903 9.22392 -45.8638 11.2391 23.0329 22.9043 26.7087 -18.5665 45.7295 -15.5914 26.9866 28.191 7.25775 17.686 -15.8334 -3.72868 8.43348 29.0997 -8.47679 -17.9328 5.28796 -3.85521 10.357 -0.475736 13.6599 -9.29445 1.35924 0 311.45 326.159 327.894 317.603 302.382 371.914 383.694 
108.375 -44.8493 -18.8103 63.1957 3.04724 19.2577 -2.75348 -13.2537 18.0487 51.0984 12.7799 -25.5794 -44.2538 22.1501 -23.9503 3.78836 -33 7.53494 -30.6309 -19.8211 31.5666 -28.9673 28.6008 41.197 -21.0817 -19.2128 9.38245 3.49263 2.93849 3.59665 11.817 56.7923 -18.3539 13.2019 10.3377 17.3999 2.52988 -44.5149 21.2779 7.88283 47.8353 -33.1685 22.495 52.4559 9.53875 11.7088 -44.741 8.17797 62.986 38.9261 
80.1127 -18.8103 -3.56441 46.1201 -7.83736 -5.13062 3.21384 -5.20676 -44.7088 43.7247 -51.6566 -0.763769 33.3202 -6.30524 12.2575 -23.9168 45.4875 40.8503 -12.839 28.8912 47.9098 -7.66437 -48.8142 -7.2644 -28.8764 0.477199 -36.2275 57.909 7.9048 34.5274 28.0696 -28.7803 2.42743 1.22216 -11.4994 20.9986 -24.3611 39.7984 25.9461 -37.3651 20.3317 -35.7495 -15.0471 -3.15328 11.0344 3.08921 -16.5064 -13.7886 -12.1423 8.77419 
-17.7276 63.1957 46.1201 9.46912 -58.0026 -14.8621 -17.8674 -5.73967 60.3339 -23.6714 -14.7965 32.977 -11.2742 0.161377 -16.5 37.5484 42.6895 42.1352 16.9425 -4.12554 -0.588299 5.59818 31.3031 -37.9909 -14.9568 37.2441 -19.7824 -24.4426 21.6988 8.74787 -0.565326 56.5343 7.80999 1.396 -5.74351 -36.2637 -37.0527 5.55501 2.90415 -3.19109 13.3 -29.4293 38.8143 -14.1959 -14.2994 51.3772 -20.669 16.1061 -0.928894 14.9383 
15.5953 3.04724 -7.83736 -58.0026 -38.2251 -1.94155 -15.2382 -39.8633 -10.3258 -6.73267 43.3791 -11.4188 -7.13854 14.5859 -18.2107 15.2347 -28.069 -1.20365 -29.8825 -2.76149 -2.37268 49.3398 15.161 -7.02754 -17.9949 66.4867 -8.50144 13.1241 10.5297 38.0186 47.1309 55.4008 47.9615 -30.8734 -12.7561 25.5348 -49.5249 -3.66685 19.4946 51.2209 7.78222 43.7997 1.01268 31.292 31.1886 -34.8055 11.9981 -15.1449 14.6337 -55.2069 
77.4633 19.2577 -5.13062 -14.8621 -1.94155 3.91289 -6.59377 61.5841 7.33892 9.79032 29.6035 18.303 -21.7433 -31.2487 -16.3326 -17.8965 -28.2632 22.3429 -2.62444 51.3331 -24.5458 -17.8212 -9.91666 19.7551 -5.54456 -11.5302 34.5396 -20.601 -29.6597 42.0211 18.7622 -14.0186 12.5623 19.0634 -18.6028 -48.0734 -1.20462 17.8699 66.3856 45.3633 1.39703 30.1293 35.0269 49.993 -10.2525 55.8029 3.18995 21.5404 70.8453 22.1065 
9.12925 -2.75348 3.21384 -17.8674 -15.2382 -6.59377 -3.31921 26.2844 20.0053 34.1466 26.7363 21.6462 -1.46518 -53.8172 20.7725 44.758 34.7462 -46.7789 4.29022 29.1175 -11.5912 18.0137 -3.22381 25.4509 -16.6766 -25.1049 -46.5435 -4.70712 -24.4312 3.28775 -47.0902 19.964 -27.1123 -22.8688 0.977026 -19.5969 -50.352 -19.7344 -40.8959 -11.0595 10.3683 -44.386 -46.3948 -30.3354 -5.02619 -27.1222 3.70333 -3.54178 46.6165 -47.2888 
14.5387 -13.2537 -5.20676 -5.73967 -39.8633 61.5841 26.2844 -65.7162 -14.6499 -39.7267 -11.2075 39.3684 -46.7411 -13.4008 -6.93755 15.8589 39.8809 11.299 -20.2944 -14.1085 -10.57 14.7009 29.7501 40.5667 -9.1874 40.4841 51.2768 30.7264 4.54887 -14.2653 -23.7296 24.4747 -6.90366 36.7966 -21.4304 -23.5995 46.0625 -32.9135 51.1948 37.8686 -45.7675 42.8248 -30.8536 39.4187 -50.088 -6.93566 -15.9204 31.4991 37.378 -52.945 
7.56347 18.0487 -44.7088 60.3339 -10.3258 7.33892 20.0053 -14.6499 28.9311 18.5543 16.3655 37.9613 -4.91266 5.03216 17.8845 -1.48257 20.2966 22.5057 37.0793 -42.2763 -20.2519 1.18387 -69.3101 -32.5858 16.5546 1.99119 -19.7089 13.4875 -21.8625 -56.3181 -40.9256 -49.0532 54.8646 -36.2327 -11.1267 9.49352 -20.5799 47.1909 24.3085 -39.3317 -1.74018 49.9157 1.55604 -31.7312 -8.02869 7.75894 -38.6585 8.42687 -21.2969 -1.81606 
15.2768 51.0984 43.7247 -23.6714 -6.73267 9.79032 34.1466 -39.7267 18.5543 38.0653 -2.27174 27.1793 -6.24001 18.6589 -11.9532 -38.3904 -7.50091 31.1203 43.1577 7.59051 48.692 -58.567 -32.6466 18.597 48.2056 -0.69217 42.6307 33.9915 -41.971 -7.47301 46.0388 12.482 44.982 -10.0868 -32.8507 -32.4244 3.57722 -36.7107 -32.608 8.82374 -59.1666 -25.8703 -9.3976 10.3495 -13.5759 13.4489 -36.6845 64.7327 40.1631 45.3974 
-15.1047 12.7799 -51.6566 -14.7965 43.3791 29.6035 26.7363 -11.2075 16.3655 -2.27174 -12.5031 -1.10942 -44.506 -15.8508 -30.3948 -28.9943 33.0604 -3.76274 -7.64007 25.0113 14.7814 -13.5793 -19.4594 0.711985 46.906 -26.8554 -13.5145 -35.5269 -20.4935 3.18228 24.6144 34.0512 -4.26899 -6.21566 -9.95719 24.0971 -42.4968 1.98452 28.962 6.44093 37.5813 21.8827 55.0421 49.9647 33.3468 0.319065 7.35149 -3.02772 30.4244 25.5803 
45.8622 -25.5794 -0.763769 32.977 -11.4188 18.303 21.6462 39.3684 37.9613 27.1793 -1.10942 9.96575 6.28966 32.0404 -2.2014 5.72318 15.7496 -4.42094 16.7687 -16.0076 -9.77905 18.2678 31.5115 -26.4784 45.089 -15.3996 54.8708 26.0583 25.6634 -14.4537 43.2626 -27.2007 -12.0248 4.30648 -32.3736 12.345 -36.5486 17.4654 -31.8559 42.3162 -51.2822 -0.215412 -9.3005 59.3288 -30.5786 19.5269 49.0756 4.98306 0.314034 45.7214 
56.2531 -44.2538 33.3202 -11.2742 -7.13854 -21.7433 -1.46518 -46.7411 -4.91266 -6.24001 -44.506 6.28966 7.15257 26.5276 18.4515 47.391 -21.5712 37.3853 4.403 -11.74 -25.8965 33.8432 -42.383 15.4146 -37.6963 45.2935 -33.1843 34.255 -42.8056 19.219 38.8359 18.192 16.7581 -14.6767 -27.2947 -25.1555 42.8922 42.3927 -9.20259 15.9326 13.6441 29.9634 14.5516 -23.7556 -45.2794 21.472 13.9637 8.98121 -46.0853 6.63771 
49.4505 22.1501 -6.30524 0.161377 14.5859 -31.2487 -53.8172 -13.4008 5.03216 18.6589 -15.8508 32.0404 26.5276 -28.0506 -14.0585 12.5061 31.5901 16.4104 6.43743 33.7727 -1.25803 32.6128 23.0846 -35.4916 24.1585 5.45934 -32.9768 20.9004 -25.7941 -51.7961 6.15064 -37.2237 0.507985 -27.1703 41.3998 15.2162 -12.6172 10.3825 33.4089 40.4595 0.471416 14.4308 55.1193 -23.7583 -12.3526 27.5334 25.4518 -7.09913 41.1956 17.9566 
63.1078 -23.9503 12.2575 -16.5 -18.2107 -16.3326 20.7725 -6.93755 17.8845 -11.9532 -30.3948 -2.2014 18.4515 -14.0585 22.829 5.65772 21.6115 36.7307 46.2738 55.7181 55.2246 6.02129 -37.0269 -14.2254 10.6513 28.1676 48.3948 0.578657 1.44766 -15.88 -28.0738 -12.5809 3.79022 3.83922 -15.5957 41.8856 -17.9649 34.9423 -29.5737 -31.1946 -48.2004 -17.5733 -0.0474958 64.5281 -34.0877 5.81103 50.0757 -3.84434 -19.6693 27.3649 
30.1903 3.78836 -23.9168 37.5484 15.2347 -17.8965 44.758 15.8589 -1.48257 -38.3904 -28.9943 5.72318 47.391 12.5061 5.65772 34.9966 -28.8496 33.9143 33.7893 48.9135 1.96198 -41.7753 29.1694 48.8545 -37.3148 16.1669 16.977 1.62913 51.8511 -32.2115 -18.1991 2.97853 1.91368 12.4292 -24.4065 -46.6951 24.4941 6.93665 3.36965 -31.9192 -39.0958 -9.50229 54.1166 39.5571 14.7347 -20.04 55.1728 43.9604 49.0813 -27.4222 
9.22392 -33 45.4875 42.6895 -28.069 -28.2632 34.7462 39.8809 20.2966 -7.50091 33.0604 15.7496 -21.5712 31.5901 21.6115 -28.8496 -51.4804 17.0816 -34.6749 34.7777 -23.7358 -25.057 33.125 30.1103 -26.7658 38.8951 34.2893 -0.511686 -15.8946 21.5894 -39.8983 -42.9002 37.3257 18.9592 10.5604 9.99682 36.3081 -33.9997 -39.709 -20.8289 37.3519 -37.9325 -2.04577 -14.0308 -17.8767 43.4594 5.1436 8.70142 11.2801 -32.3861 
-45.8638 7.53494 40.8503 42.1352 -1.20365 22.3429 -46.7789 11.299 22.5057 31.1203 -3.76274 -4.42094 37.3853 16.4104 36.7307 33.9143 17.0816 -49.4885 25.3161 -44.3281 -25.8006 -42.0531 -28.8689 15.3091 0.306309 30.6293 2.65981 -23.9837 -52.8749 17.787 8.36491 -22.0809 39.4047 27.616 18.787 -60.5141 -1.41782 -43.3232 2.93802 14.2733 -51.6246 32.3113 -39.4799 37.5973 -22.4937 -6.99105 -33.8136 26.1595 -43.5777 -5.00955 
11.2391 -30.6309 -12.839 16.9425 -29.8825 -2.62444 4.29022 -20.2944 37.0793 43.1577 -7.64007 16.7687 4.403 6.43743 46.2738 33.7893 -34.6749 25.3161 14.5979 44.108 36.1109 4.88177 -8.11274 -15.1186 -3.01093 5.57285 -37.8181 -41.3878 -13.4872 -22.2143 40.3954 21.6878 -27.0353 6.09691 27.188 7.26505 -26.9485 -15.2421 -9.93388 25.7549 14.2676 36.7918 -18.5758 6.95178 -10.077 -2.70003 -19.0643 32.2082 -48.6185 -5.08128 
23.0329 -19.8211 28.8912 -4.12554 -2.76149 51.3331 29.1175 -14.1085 -42.2763 7.59051 25.0113 -16.0076 -11.74 33.7727 55.7181 48.9135 34.7777 -44.3281 44.108 -20.5233 10.9881 -21.7422 29.1311 -4.69721 -13.1413 -44.1499 12.5665 3.3507 52.3746 39.8267 -8.35166 28.5307 18.2306 6.25638 11.8558 26.0679 -5.45071 4.16371 -20.9088 -25.6187 20.8571 -30.7799 12.9944 -10.4053 -24.4814 14.0494 25.2008 12.7897 21.0958 23.6818 
22.9043 31.5666 47.9098 -0.588299 -2.37268 -24.5458 -11.5912 -10.57 -20.2519 48.692 14.7814 -9.77905 -25.8965 -1.25803 55.2246 1.96198 -23.7358 -25.8006 36.1109 10.9881 36.6228 -21.8755 -43.8271 -28.5388 16.4421 -5.99284 -27.218 25.9553 -9.92409 -29.8906 58.8302 -19.1469 51.0783 -34.6024 -4.01543 53.1689 53.5728 40.0212 60.4468 -27.2672 7.53394 25.128 51.0926 18.1316 -33.8182 -28.3561 -19.8748 -6.83983 -35.6111 -8.27673 
26.7087 -28.9673 -7.66437 5.59818 49.3398 -17.8212 18.0137 14.7009 1.18387 -58.567 -13.5793 18.2678 33.8432 32.6128 6.02129 -41.7753 -25.057 -42.0531 4.88177 -21.7422 -21.8755 -45.6129 23.9924 -29.657 6.60662 30.2694 -29.5218 -5.13793 39.3698 -20.6474 15.6832 -2.8962 -19.2775 32.3089 -18.3638 -24.9268 -23.2106 37.4952 30.0655 2.02229 26.6111 35.055 8.86717 2.96181 -13.5376 -29.6364 16.0915 57.7342 30.1213 26.6458 
-18.5665 28.6008 -48.8142 31.3031 15.161 -9.91666 -3.22381 29.7501 -69.3101 -32.6466 -19.4594 31.5115 -42.383 23.0846 -37.0269 29.1694 33.125 -28.8689 -8.11274 29.1311 -43.8271 23.9924 -59.8145 -22.8318 -19.3184 24.0024 31.313 35.2826 -42.4081 41.6525 -33.788 -50.5578 -23.6472 30.322 -2.97419 32.2724 -19.1049 -15.8669 29.2226 -46.342 -40.8011 -1.07547 -37.1278 39.0204 46.1353 12.6366 47.6263 38.3065 15.5318 -9.75745 
45.7295 41.197 -7.2644 -37.9909 -7.02754 19.7551 25.4509 40.5667 -32.5858 18.597 0.711985 -26.4784 15.4146 -35.4916 -14.2254 48.8545 30.1103 15.3091 -15.1186 -4.69721 -28.5388 -29.657 -22.8318 45.4411 -29.2635 42.3191 -5.92277 42.0086 -21.2879 23.675 18.2215 17.1258 43.8575 -40.0852 40.2187 31.2804 41.4239 -13.0458 43.8018 37.7545 -35.5743 22.5365 -25.1019 -21.9711 51.1658 -11.6953 -9.41647 5.03202 -19.8728 42.2999 
-15.5914 -21.0817 -28.8764 -14.9568 -17.9949 -5.54456 -16.6766 -9.1874 16.5546 48.2056 46.906 45.089 -37.6963 24.1585 10.6513 -37.3148 -26.7658 0.306309 -3.01093 -13.1413 16.4421 6.60662 -19.3184 -29.2635 -8.58327 6.8767 -24.678 -2.1308 -8.9244 -18.1041 32.9131 -24.3805 -29.3305 3.52595 40.1996 -30.8544 -27.5236 28.888 -8.16423 8.65831 -36.4479 -26.87 45.589 1.58393 8.58934 53.5815 -16.0043 -13.284 16.8965 14.6472 
26.9866 -19.2128 0.477199 37.2441 66.4867 -11.5302 -25.1049 40.4841 1.99119 -0.69217 -26.8554 -15.3996 45.2935 5.45934 28.1676 16.1669 38.8951 30.6293 5.57285 -44.1499 -5.99284 30.2694 24.0024 42.3191 6.8767 -12.0187 -1.23814 -42.3878 -24.6423 -13.8144 39.1273 33.808 -35.9862 29.4262 17.4697 21.561 22.1243 43.9141 -5.89071 -24.9592 28.8004 11.7399 45.6991 -0.504116 8.13442 -0.68848 -32.8871 -5.22266 -26.5591 0.759209 
28.191 9.38245 -36.2275 -19.7824 -8.50144 34.5396 -46.5435 51.2768 -19.7089 42.6307 -13.5145 54.8708 -33.1843 -32.9768 48.3948 16.977 34.2893 2.65981 -37.8181 12.5665 -27.218 -29.5218 31.313 -5.92277 -24.678 -1.23814 55.7704 38.903 46.5941 25.8781 -49.5009 16.1504 -12.5699 -3.6029 -24.0659 -49.4667 46.8728 30.3972 47.1735 7.07248 20.2094 16.5517 -2.09442 -47.5312 -23.4212 51.8381 41.0386 -26.3087 -23.8063 25.0276 
7.25775 3.49263 57.909 -24.4426 13.1241 -20.601 -4.70712 30.7264 13.4875 33.9915 -35.5269 26.0583 34.255 20.9004 0.578657 1.62913 -0.511686 -23.9837 -41.3878 3.3507 25.9553 -5.13793 35.2826 42.0086 -2.1308 -42.3878 38.903 -24.3482 44.1943 -14.5557 -12.5703 -14.143 -17.1112 4.0019 34.0079 -0.208837 6.26555 12.6848 11.8405 24.3195 -9.68752 -38.4173 7.66125 2.96645 13.4938 35.1514 55.2173 -20.7259 3.2718 15.0605 
17.686 2.93849 7.9048 21.6988 10.5297 -29.6597 -24.4312 4.54887 -21.8625 -41.971 -20.4935 25.6634 -42.8056 -25.7941 1.44766 51.8511 -15.8946 -52.8749 -13.4872 52.3746 -9.92409 39.3698 -42.4081 -21.2879 -8.9244 -24.6423 46.5941 44.1943 -36.9118 -42.6024 -1.21723 14.4279 49.0926 3.61976 34.8862 10.0443 -14.2819 -14.3834 5.75402 -21.8438 18.2284 22.2587 37.761 5.74555 37.419 -9.34178 22.0065 11.958 10.7146 -50.0672 
-15.8334 3.59665 34.5274 8.74787 38.0186 42.0211 3.28775 -14.2653 -56.3181 -7.47301 3.18228 -14.4537 19.219 -51.7961 -15.88 -32.2115 21.5894 17.787 -22.2143 39.8267 -29.8906 -20.6474 41.6525 23.675 -18.1041 -13.8144 25.8781 -14.5557 -42.6024 21.728 -34.0854 12.0687 41.521 -6.62499 -41.0501 -55.3189 -38.2189 -6.27679 19.6652 19.3364 40.6428 -19.8309 9.76288 -44.3064 22.7621 29.6409 -6.02359 -26.7601 -14.8091 10.2256 
-3.72868 11.817 28.0696 -0.565326 47.1309 18.7622 -47.0902 -23.7296 -40.9256 46.0388 24.6144 43.2626 38.8359 6.15064 -28.0738 -18.1991 -39.8983 8.36491 40.3954 -8.35166 58.8302 15.6832 -33.788 18.2215 32.9131 39.1273 -49.5009 -12.5703 -1.21723 -34.0854 -17.8315 16.6837 10.6322 -16.6332 3.89796 -10.7861 -34.2681 14.6775 -38.4538 -22.5025 32.4933 26.321 -9.6265 18.569 -20.0375 -0.473648 -27.911 51.7271 34.044 26.4669 
8.43348 56.7923 -28.7803 56.5343 55.4008 -14.0186 19.964 24.4747 -49.0532 12.482 34.0512 -27.2007 18.192 -37.2237 -12.5809 2.97853 -42.9002 -22.0809 21.6878 28.5307 -19.1469 -2.8962 -50.5578 17.1258 -24.3805 33.808 16.1504 -14.143 14.4279 12.0687 16.6837 -43.0087 -12.5074 14.6017 9.0311 -22.6496 1.3423 43.9176 23.9275 -35.7932 -21.5359 39.9849 0.0785332 5.42196 1.65158 41.1703 20.4518 14.6343 4.7811 -27.9663 
29.0997 -18.3539 2.42743 7.80999 47.9615 12.5623 -27.1123 -6.90366 54.8646 44.982 -4.26899 -12.0248 16.7581 0.507985 3.79022 1.91368 37.3257 39.4047 -27.0353 18.2306 51.0783 -19.2775 -23.6472 43.8575 -29.3305 -35.9862 -12.5699 -17.1112 49.0926 41.521 10.6322 -12.5074 -13.9551 34.9086 22.4745 6.88467 34.1871 -6.71517 -2.23256 37.5651 10.9428 35.2319 -21.8624 7.6679 -44.8834 9.24473 33.8871 28.2899 -4.97594 -27.1608 
-8.47679 13.2019 1.22216 1.396 -30.8734 19.0634 -22.8688 36.7966 -36.2327 -10.0868 -6.21566 4.30648 -14.6767 -27.1703 3.83922 12.4292 18.9592 27.616 6.09691 6.25638 -34.6024 32.3089 30.322 -40.0852 3.52595 29.4262 -3.6029 4.0019 3.61976 -6.62499 -16.6332 14.6017 34.9086 -10.8474 -44.2254 22.4504 -11.1107 9.51184 -21.7785 -4.34266 13.6645 14.5744 -34.682 -24.8472 -17.6878 -56.5355 -1.08265 30.7653 10.2177 -3.89535 
-17.9328 10.3377 -11.4994 -5.74351 -12.7561 -18.6028 0.977026 -21.4304 -11.1267 -32.8507 -9.95719 -32.3736 -27.2947 41.3998 -15.5957 -24.4065 10.5604 18.787 27.188 11.8558 -4.01543 -18.3638 -2.97419 40.2187 40.1996 17.4697 -24.0659 34.0079 34.8862 -41.0501 3.89796 9.0311 22.4745 -44.2254 -44.7117 6.52751 -36.323 38.1506 -23.867 -46.3369 12.6655 -28.421 -42.7134 22.9338 -45.6181 -33.9568 -33.9207 37.4156 19.217 24.8642 
5.28796 17.3999 20.9986 -36.2637 25.5348 -48.0734 -19.5969 -23.5995 9.49352 -32.4244 24.0971 12.345 -25.1555 15.2162 41.8856 -46.6951 9.99682 -60.5141 7.26505 26.0679 53.1689 -24.9268 32.2724 31.2804 -30.8544 21.561 -49.4667 -0.208837 10.0443 -55.3189 -10.7861 -22.6496 6.88467 22.4504 6.52751 4.55063 18.8429 -4.35082 2.95768 -28.4788 -29.1501 29.5583 43.3416 -38.6377 -16.5934 -4.29514 -28.5588 22.0617 14.9064 22.7996 
-3.85521 2.52988 -24.3611 -37.0527 -49.5249 -1.20462 -50.352 46.0625 -20.5799 3.57722 -42.4968 -36.5486 42.8922 -12.6172 -17.9649 24.4941 36.3081 -1.41782 -26.9485 -5.45071 53.5728 -23.2106 -19.1049 41.4239 -27.5236 22.1243 46.8728 6.26555 -14.2819 -38.2189 -34.2681 1.3423 34.1871 -11.1107 -36.323 18.8429 40.4332 -1.89957 -42.0789 -12.1117 -19.9648 4.77676 54.8225 13.921 14.7851 -22.6921 -25.0413 36.5593 -12.5186 -55.2992 
10.357 -44.5149 39.7984 5.55501 -3.66685 17.8699 -19.7344 -32.9135 47.1909 -36.7107 1.98452 17.4654 42.3927 10.3825 34.9423 6.93665 -33.9997 -43.3232 -15.2421 4.16371 40.0212 37.4952 -15.8669 -13.0458 28.888 43.9141 30.3972 12.6848 -14.3834 -6.27679 14.6775 43.9176 -6.71517 9.51184 38.1506 -4.35082 -1.89957 -43.4137 28.7749 -20.246 27.7281 26.5613 -9.65575 -40.9344 -27.351 -11.5176 10.05 45.3873 -25.7601 -49.9056 
-0.475736 21.2779 25.9461 2.90415 19.4946 66.3856 -40.8959 51.1948 24.3085 -32.608 28.962 -31.8559 -9.20259 33.4089 -29.5737 3.36965 -39.709 2.93802 -9.93388 -20.9088 60.4468 30.0655 29.2226 43.8018 -8.16423 -5.89071 47.1735 11.8405 5.75402 19.6652 -38.4538 23.9275 -2.23256 -21.7785 -23.867 2.95768 -42.0789 28.7749 -29.5463 -38.1486 36.8328 -45.0308 44.6601 -8.64396 21.4251 -26.3738 21.2179 -17.4027 16.2746 22.4766 
13.6599 7.88283 -37.3651 -3.19109 51.2209 45.3633 -11.0595 37.8686 -39.3317 8.82374 6.44093 42.3162 15.9326 40.4595 -31.1946 -31.9192 -20.8289 14.2733 25.7549 -25.6187 -27.2672 2.02229 -46.342 37.7545 8.65831 -24.9592 7.07248 24.3195 -21.8438 19.3364 -22.5025 -35.7932 37.5651 -4.34266 -46.3369 -28.4788 -12.1117 -20.246 -38.1486 4.96081 46.1059 45.0893 -19.9662 46.4178 10.7236 43.9924 28.0271 -8.7385 20.2519 -40.7003 
-9.29445 47.8353 20.3317 13.3 7.78222 1.39703 10.3683 -45.7675 -1.74018 -59.1666 37.5813 -51.2822 13.6441 0.471416 -48.2004 -39.0958 37.3519 -51.6246 14.2676 20.8571 7.53394 26.6111 -40.8011 -35.5743 -36.4479 28.8004 20.2094 -9.68752 18.2284 40.6428 32.4933 -21.5359 10.9428 13.6645 12.6655 -29.1501 -19.9648 27.7281 36.8328 46.1059 10.6631 -35.7316 -18.8518 8.98312 30.9087 24.2304 40.5001 -3.07053 35.7026 -13.2899 
1.35924 -33.1685 -35.7495 -29.4293 43.7997 30.1293 -44.386 42.8248 49.9157 -25.8703 21.8827 -0.215412 29.9634 14.4308 -17.5733 -9.50229 -37.9325 32.3113 36.7918 -30.7799 25.128 35.055 -1.07547 22.5365 -26.87 11.7399 16.5517 -38.4173 22.2587 -19.8309 26.321 39.9849 35.2319 14.5744 -28.421 29.5583 4.77676 26.5613 -45.0308 45.0893 -35.7316 -29.0383 9.21814 -13.8142 -28.078 28.4828 -40.3504 -4.75543 -50.2527 19.373 
0 22.495 -15.0471 38.8143 1.01268 35.0269 -46.3948 -30.8536 1.55604 -9.3976 55.0421 -9.3005 14.5516 55.1193 -0.0474958 54.1166 -2.04577 -39.4799 -18.5758 12.9944 51.0926 8.86717 -37.1278 -25.1019 45.589 45.6991 -2.09442 7.66125 37.761 9.76288 -9.6265 0.0785332 -21.8624 -34.682 -42.7134 43.3416 54.8225 -9.65575 44.6601 -19.9662 -18.8518 9.21814 35.4536 -34.8053 -13.7255 -14.9921 41.1092 -22.3493 33.1008 17.2124 
311.45 52.4559 -3.15328 -14.1959 31.292 49.993 -30.3354 39.4187 -31.7312 10.3495 49.9647 59.3288 -23.7556 -23.7583 64.5281 39.5571 -14.0308 37.5973 6.95178 -10.4053 18.1316 2.96181 39.0204 -21.9711 1.58393 -0.504116 -47.5312 2.96645 5.74555 -44.3064 18.569 5.42196 7.6679 -24.8472 22.9338 -38.6377 13.921 -40.9344 -8.64396 46.4178 8.98312 -13.8142 -34.8053 43 19 42 54 44 24 39 
326.159 9.53875 11.0344 -14.2994 31.1886 -10.2525 -5.02619 -50.088 -8.02869 -13.5759 33.3468 -30.5786 -45.2794 -12.3526 -34.0877 14.7347 -17.8767 -22.4937 -10.077 -24.4814 -33.8182 -13.5376 46.1353 51.1658 8.58934 8.13442 -23.4212 13.4938 37.419 22.7621 -20.0375 1.65158 -44.8834 -17.6878 -45.6181 -16.5934 14.7851 -27.351 21.4251 10.7236 30.9087 -28.078 -13.7255 19 59 63 18 53 12 69 
327.894 11.7088 3.08921 51.3772 -34.8055 55.8029 -27.1222 -6.93566 7.75894 13.4489 0.319065 19.5269 21.472 27.5334 5.81103 -20.04 43.4594 -6.99105 -2.70003 14.0494 -28.3561 -29.6364 12.6366 -11.6953 53.5815 -0.68848 51.8381 35.1514 -9.34178 29.6409 -0.473648 41.1703 9.24473 -56.5355 -33.9568 -4.29514 -22.6921 -11.5176 -26.3738 43.9924 24.2304 28.4828 -14.9921 42 63 5 4 33 99 34 
317.603 -44.741 -16.5064 -20.669 11.9981 3.18995 3.70333 -15.9204 -38.6585 -36.6845 7.35149 49.0756 13.9637 25.4518 50.0757 55.1728 5.1436 -33.8136 -19.0643 25.2008 -19.8748 16.0915 47.6263 -9.41647 -16.0043 -32.8871 41.0386 55.2173 22.0065 -6.02359 -27.911 20.4518 33.8871 -1.08265 -33.9207 -28.5588 -25.0413 10.05 21.2179 28.0271 40.5001 -40.3504 41.1092 54 18 4 19 15 35 87 
302.382 8.17797 -13.7886 16.1061 -15.1449 21.5404 -3.54178 31.4991 8.42687 64.7327 -3.02772 4.98306 8.98121 -7.09913 -3.84434 43.9604 8.70142 26.1595 32.2082 12.7897 -6.83983 57.7342 38.3065 5.03202 -13.284 -5.22266 -26.3087 -20.7259 11.958 -26.7601 51.7271 14.6343 28.2899 30.7653 37.4156 22.0617 36.5593 45.3873 -17.4027 -8.7385 -3.07053 -4.75543 -22.3493 44 53 33 15 53 69 50 
371.914 62.986 -12.1423 -0.928894 14.6337 70.8453 46.6165 37.378 -21.2969 40.1631 30.4244 0.314034 -46.0853 41.1956 -19.6693 49.0813 11.2801 -43.5777 -48.6185 21.0958 -35.6111 30.1213 15.5318 -19.8728 16.8965 -26.5591 -23.8063 3.2718 10.7146 -14.8091 34.044 4.7811 -4.97594 10.2177 19.217 14.9064 -12.5186 -25.7601 16.2746 20.2519 35.7026 -50.2527 33.1008 24 12 99 35 69 87 2 
383.694 38.9261 8.77419 14.9383 -55.2069 22.1065 -47.2888 -52.945 -1.81606 45.3974 25.5803 45.7214 6.63771 17.9566 27.3649 -27.4222 -32.3861 -5.00955 -5.08128 23.6818 -8.27673 26.6458 -9.75745 42.2999 14.6472 0.759209 25.0276 15.0605 -50.0672 10.2256 26.4669 -27.9663 -27.1608 -3.89535 24.8642 22.7996 -55.2992 -49.9056 22.4766 -40.7003 -13.2899 19.373 17.2124 39 69 34 87 50 2 37 
