2528.29 81.2723 46.8535 14.5554 8.30736 39.0679 -1.5683 -27.1255 1.88124 15.6619 18.2437 57.6675 -25.1392 68.0073 42.2739 101.18 -19.7886 28.3751 -59.633 86.7953 8.47886 63.4969 15.9445 67.9616 -15.1318 0.599979 33.3618 12.6126 20.4434 -19.8733 7.96045 15.1752 -14.0568 3.34305 -15.4873 15.727 -2.21337 12.704 16.7319 27.9333 38.597 -8.20928 15.1018 2.14309 -1.29118 10.5631 1.4978 -12.3538 -17.6886 2.52544 
81.2723 -249.218 17.5859 18.8722 -5.34745 -5.34988 -4.17646 16.2216 5.64474 -7.23097 -7.05497 8.11911 42.6921 3.12559 8.86148 9.69191 12.6162 6.38739 -12.8901 -8.95893 -7.81135 15.7417 8.71211 27.5398 -0.225186 -16.987 -10.594 1.88569 12.7203 27.6204 1.92702 -0.751458 -2.31158 2.07825 -13.2606 4.71674 9.1649 -0.329538 3.80542 -12.3149 6.87392 -6.43614 3.14311 -2.03579 0.190663 -6.24106 -3.90058 1.44798 8.36338 -4.14159 
46.8535 17.5859 -260.328 -20.54 -6.10481 15.7748 25.0367 20.2018 4.32628 -27.088 14.1611 -37.9183 -18.4998 6.2174 -24.0464 27.8468 -43.5167 -25.878 2.75062 12.3449 -32.4825 -35.5621 -25.4204 -12.2649 5.34911 -4.08978 -20.1923 -11.0144 -18.6131 -0.242895 21.2983 -2.63112 10.622 -1.21145 15.4222 -5.66085 4.98941 -21.4732 -10.8864 -11.6579 2.19695 6.87282 4.00148 1.53288 -10.04 -8.10151 -11.1574 -3.4066 -9.6314 5.0121 
14.5554 18.8722 -20.54 275.119 -42.6794 -6.85382 5.05892 -10.6818 -23.739 41.9416 -0.42578 29.4276 8.1102 18.58 37.9772 -13.1743 -21.096 17.0454 13.9979 -13.6112 1.54514 12.7814 1.38374 -7.12296 24.533 7.05189 -4.99712 -20.6346 11.4443 -6.4272 -8.67218 12.0338 -3.5865 20.9327 16.8402 -2.14707 22.6381 0.541397 -3.20177 -21.9586 -7.15007 21.4244 -9.06399 7.02348 11.7211 9.32908 -0.469889 12.5471 2.40956 11.1316 
8.30736 -5.34745 -6.10481 -42.6794 -228.574 -8.19011 -21.9357 10.6163 4.19787 -9.34167 -12.0452 -4.97764 -43.6278 0.609536 18.5848 23.7432 -37.9794 18.2075 -16.2098 -7.65318 2.04478 -1.03418 -17.5392 -23.0843 -11.9927 15.0374 30.1754 -21.5666 3.27168 18.9915 32.5056 6.55039 -3.21072 31.6555 13.0328 21.7691 7.57841 9.38699 10.5373 -29.2086 -10.6606 11.8658 -5.09321 -0.374914 5.85425 -8.60061 -0.0306826 7.93509 -15.2061 -1.96108 
39.0679 -5.34988 15.7748 -6.85382 -8.19011 -216.079 -14.2542 -13.6767 22.9741 14.8926 -5.90095 15.6263 20.406 -14.3705 4.20722 -43.9791 -4.56514 -9.20216 10.2467 -13.5671 1.66543 9.58754 3.03373 -11.1492 -6.25478 -17.7651 -12.3985 9.48704 11.3612 -21.3477 -4.76733 -5.26081 7.24232 1.71295 -0.291431 10.3679 -4.15526 19.7482 -9.33214 -21.0739 -6.50214 -10.7913 10.9635 -4.79095 -7.38435 -5.3528 5.37919 6.46387 -6.66031 -0.328225 
-1.5683 -4.17646 25.0367 5.05892 -21.9357 -14.2542 -234.741 -6.61849 -31.8388 18.7191 -8.91719 50.8173 -43.3428 36.9378 52.2185 7.79657 -28.0044 -14.4841 -18.5379 4.38745 -15.5627 -6.78782 48.395 -37.511 7.60162 -9.98699 12.8682 28.2878 8.59603 -11.0878 0.824917 -29.428 -15.9325 21.0007 17.912 -15.2704 -5.7525 -14.8565 10.6441 -1.97071 7.14826 -17.6156 -8.19131 2.29782 -5.343 6.51053 0.407617 3.41022 4.41577 -2.80626 
-27.1255 16.2216 20.2018 -10.6818 10.6163 -13.6767 -6.61849 -273.137 3.24553 4.55744 -13.8094 -3.47526 -5.30286 -3.63818 11.1173 -18.2587 5.17543 3.24048 12.4358 24.6249 -2.56306 -17.8184 -22.1406 -29.9093 34.6125 4.10462 15.7488 21.9559 -11.6139 7.29035 -17.1635 7.72076 -8.14384 -15.7705 -7.97863 -2.81183 0.834575 4.06495 19.9213 -2.9158 12.3291 8.19407 9.16525 -5.55325 2.56761 -8.82938 4.93409 2.68272 -7.81992 -3.59701 
1.88124 5.64474 4.32628 -23.739 4.19787 22.9741 -31.8388 3.24553 280.278 -4.08605 5.27509 2.06322 -38.554 28.7762 7.628 45.8804 4.43711 15.9474 -16.3823 -1.1039 -30.0668 -16.2761 5.48418 -38.1467 -3.56886 -21.1021 -28.5387 8.15944 -13.4558 23.7245 20.3779 11.3603 -2.6781 -21.2816 0.429054 -3.68211 -13.23 -15.3845 -20.3725 7.83776 18.8782 -4.78149 4.80685 -15.1192 -7.28629 9.615 -0.235452 7.64564 -0.264759 1.5863 
15.6619 -7.23097 -27.088 41.9416 -9.34167 14.8926 18.7191 4.55744 -4.08605 262.865 16.7906 -41.6696 -13.7754 3.12455 12.7844 -14.1439 -20.8147 4.71343 20.687 9.47404 8.10832 16.3532 -2.65455 20.7876 -7.44257 14.0006 -11.0152 -28.8293 19.0608 7.79346 2.13398 -9.97603 -22.6189 6.10064 8.53679 -0.9928 -0.499598 -13.6649 -3.36741 -6.97044 0.0205323 3.14198 1.94558 -4.02683 2.63903 3.91433 5.9152 0.795979 -6.52257 3.84482 
18.2437 -7.05497 14.1611 -0.42578 -12.0452 -5.90095 -8.91719 -13.8094 5.27509 16.7906 -233.172 0.35976 35.6385 -15.9255 -13.389 10.9735 0.908112 63.2575 -36.8615 -51.3103 -7.1847 -16.9703 -5.17556 34.7692 -31.3371 -16.7812 4.02841 14.3732 -3.80563 -4.82729 -12.5287 10.5056 37.2103 -5.42843 -2.82467 10.8828 11.0541 27.9339 -3.64399 14.9449 -5.38849 5.72164 -6.54785 -1.54237 -0.0885653 7.92272 -14.1551 1.0388 14.4371 0 
57.6675 8.11911 -37.9183 29.4276 -4.97764 15.6263 50.8173 -3.47526 2.06322 -41.6696 0.35976 88.7731 7.45602 -7.34131 -0.511629 0 12.8503 8.03431 10.056 27.2248 -2.92649 -22.1559 2.80074 30.7729 -6.62112 0.910979 51.8069 27.9595 6.75138 10.5379 -12.3161 -24.3717 -18.2028 28.7647 -27.4324 -33.8609 16.0819 2.46113 -29.9075 10.3784 -53.2208 -33.7356 -52.1603 -4.62675 -82.163 6.99375 17.6529 0.139066 -19.3819 -13.4156 
-25.1392 42.6921 -18.4998 8.1102 -43.6278 20.406 -43.3428 -5.30286 -38.554 -13.7754 35.6385 7.45602 32.8169 10.8119 28.4546 21.7087 8.54872 -19.7328 36.7696 -13.9769 -35.9361 29.7478 -52.9728 -8.62915 26.4048 7.16862 -23.304 3.20416 -7.42784 -13.2514 -9.28378 -13.9122 9.24565 -39.2227 -47.3656 10.0785 -25.6346 43.4682 -45.4865 7.24855 10.0778 30.255 -24.2512 -11.5311 -18.4359 -19.6986 25.0458 -12.818 -12.8557 -10.2367 
68.0073 3.12559 6.2174 18.58 0.609536 -14.3705 36.9378 -3.63818 28.7762 3.12455 -15.9255 -7.34131 10.8119 28.074 -18.1765 -7.86128 -2.15857 9.64926 5.74973 -1.52548 -18.7781 32.523 24.058 -24.9158 44.5048 9.20961 45.6594 35.5634 -24.4079 -36.7701 54.6539 -36.7444 4.16393 7.41125 12.3166 4.39139 28.2192 4.09683 28.3953 77.4041 -51.0676 61.7147 46.5142 32.3818 -41.1173 20.5431 51.7346 8.41722 -4.15897 32.8115 
42.2739 8.86148 -24.0464 37.9772 18.5848 4.20722 52.2185 11.1173 7.628 12.7844 -13.389 -0.511629 28.4546 -18.1765 15.3789 -14.1662 -0.0368214 9.61795 41.6289 25.9013 35.3986 -13.9907 -3.19309 2.57948 11.8787 12.153 61.0493 -19.6371 -6.15514 -37.2761 -46.3703 -4.70633 8.21148 -0.904229 18.4899 47.312 -0.979236 -14.6775 -23.0494 -21.5044 -38.4682 -9.00648 0.476669 31.0492 -15.655 -16.0061 19.1453 -10.9271 -13.8696 6.49034 
101.18 9.69191 27.8468 -13.1743 23.7432 -43.9791 7.79657 -18.2587 45.8804 -14.1439 10.9735 0 21.7087 -7.86128 -14.1662 34.1529 -18.2715 -1.13939 14.53 39.6999 16.4122 -37.8258 40.0691 68.1258 -21.7495 -0.174226 13.3729 19.5917 10.1993 -3.19099 13.5462 39.3347 3.99775 -2.79356 -11.9997 -40.8305 -11.8083 -30.9102 15.0504 5.11635 -46.3757 -14.5211 29.9088 50.9783 19.462 -41.5396 21.5668 41.5903 98.7681 -43.4124 
-19.7886 12.6162 -43.5167 -21.096 -37.9794 -4.56514 -28.0044 5.17543 4.43711 -20.8147 0.908112 12.8503 8.54872 -2.15857 -0.0368214 -18.2715 15.0324 -12.5397 -27.7787 37.8666 -1.6102 -15.3379 34.4571 -7.85609 9.85182 27.5098 -19.6065 3.38094 4.00419 -16.1646 -27.7254 -33.9091 6.61662 -3.7514 18.5096 41.4583 -14.7272 -19.2028 -21.3744 -15.1953 28.7048 -23.3936 2.4941 -5.13008 -7.48363 -4.00453 18.623 -6.02978 25.8051 -29.6183 
28.3751 6.38739 -25.878 17.0454 18.2075 -9.20216 -14.4841 3.24048 15.9474 4.71343 63.2575 8.03431 -19.7328 9.64926 9.61795 -1.13939 -12.5397 15.2041 -1.48485 10.0921 -20.5731 -15.1916 -50.9908 28.0847 -13.3106 39.8039 7.16199 -31.1836 -49.7266 64.5814 32.3596 4.74 37.1377 30.4475 -6.72465 -37.3153 1.62259 2.62591 54.8122 36.0868 -6.95594 50.0528 13.9397 66.3391 -20.6933 7.56329 -17.2029 5.67851 -23.8298 2.56741 
-59.633 -12.8901 2.75062 13.9979 -16.2098 10.2467 -18.5379 12.4358 -16.3823 20.687 -36.8615 10.056 36.7696 5.74973 41.6289 14.53 -27.7787 -1.48485 29.9318 36.786 18.6609 -12.2025 -5.8075 -8.62201 18.1722 -11.2979 -11.295 -48.6365 -1.43185 -19.0486 14.7052 5.22642 -22.5727 10.8515 7.73633 -7.35774 -21.9511 -17.713 1.08868 4.94748 -19.968 59.9435 -27.0504 23.9751 23.3618 -22.5686 9.71151 43.4206 -28.1561 -9.70757 
86.7953 -8.95893 12.3449 -13.6112 -7.65318 -13.5671 4.38745 24.6249 -1.1039 9.47404 -51.3103 27.2248 -13.9769 -1.52548 25.9013 39.6999 37.8666 10.0921 36.786 30.8032 12.2763 -11.5066 23.7 -26.9667 -11.6853 -41.985 -1.49465 -1.71387 41.5194 29.3776 -7.29072 17.2623 21.0714 -8.79001 4.6057 28.6156 -33.4948 37.7714 10.2704 -23.8227 60.6003 -17.6434 49.69 -22.5066 -20.068 36.1785 20.6157 0.506537 42.4133 13.4988 
8.47886 -7.81135 -32.4825 1.54514 2.04478 1.66543 -15.5627 -2.56306 -30.0668 8.10832 -7.1847 -2.92649 -35.9361 -18.7781 35.3986 16.4122 -1.6102 -20.5731 18.6609 12.2763 18.4794 0.912669 -4.97839 -21.4401 1.34115 1.38533 -6.90026 1.2275 28.8462 -28.7888 24.4792 2.43193 6.65239 -8.03733 -10.0095 41.1272 41.0915 36.3201 81.0389 -7.81969 12.4234 29.0402 55.1814 50.0546 -30.1696 -25.851 1.60551 -22.9097 -11.2244 -24.3172 
63.4969 15.7417 -35.5621 12.7814 -1.03418 9.58754 -6.78782 -17.8184 -16.2761 16.3532 -16.9703 -22.1559 29.7478 32.523 -13.9907 -37.8258 -15.3379 -15.1916 -12.2025 -11.5066 0.912669 0.900156 9.0124 -50.2191 5.87727 38.493 -47.6978 4.61513 20.4415 -18.2393 28.3888 14.1984 -19.7505 9.90967 -11.9991 -15.6442 -66.9203 28.4492 63.8577 38.6114 34.1584 48.6553 -2.67324 -0.980905 -13.7696 -25.2674 -19.5341 23.7663 21.2593 2.70889 
15.9445 8.71211 -25.4204 1.38374 -17.5392 3.03373 48.395 -22.1406 5.48418 -2.65455 -5.17556 2.80074 -52.9728 24.058 -3.19309 40.0691 34.4571 -50.9908 -5.8075 23.7 -4.97839 9.0124 -46.8241 -17.1699 -4.66155 19.9658 21.8119 17.5986 -41.6927 60.0634 16.6647 4.04325 -16.4327 27.2641 1.07436 30.4811 -22.4866 -43.8515 -25.8919 -28.6012 -14.0571 -33.7897 -39.8498 30.2412 2.50172 17.7964 16.0439 37.4951 -25.1259 21.8046 
67.9616 27.5398 -12.2649 -7.12296 -23.0843 -11.1492 -37.511 -29.9093 -38.1467 20.7876 34.7692 30.7729 -8.62915 -24.9158 2.57948 68.1258 -7.85609 28.0847 -8.62201 -26.9667 -21.4401 -50.2191 -17.1699 54.2947 -33.0386 35.2728 -14.3246 32.1021 -17.4664 10.8932 21.3447 27.5816 28.9767 -23.6359 37.7199 18.0625 53.6135 -8.60945 29.6715 32.7635 -17.8615 4.67286 -16.8014 -21.0344 6.8289 -1.60255 -34.8641 8.98867 -34.0762 60.99 
-15.1318 -0.225186 5.34911 24.533 -11.9927 -6.25478 7.60162 34.6125 -3.56886 -7.44257 -31.3371 -6.62112 26.4048 44.5048 11.8787 -21.7495 9.85182 -13.3106 18.1722 -11.6853 1.34115 5.87727 -4.66155 -33.0386 -14.5442 13.1656 -24.0932 -15.7047 18.8529 -14.8102 10.3575 -10.5841 -44.6001 13.3155 21.3434 -46.1129 -34.5261 41.6773 -14.003 -0.101673 -38.6809 -21.514 48.0582 9.81028 19.1837 41.4003 22.9712 -0.0616748 15.1137 21.9387 
0.599979 -16.987 -4.08978 7.05189 15.0374 -17.7651 -9.98699 4.10462 -21.1021 14.0006 -16.7812 0.910979 7.16862 9.20961 12.153 -0.174226 27.5098 39.8039 -11.2979 -41.985 1.38533 38.493 19.9658 35.2728 13.1656 12.289 15.2327 -20.4267 -23.5479 4.10546 53.7905 24.4251 6.35547 13.8022 3.0095 21.0808 18.2813 35.368 4.91757 -11.6429 2.35828 21.1784 31.948 3.23924 18.6564 3.51766 -38.0276 -3.74175 -9.78539 -23.2189 
33.3618 -10.594 -20.1923 -4.99712 30.1754 -12.3985 12.8682 15.7488 -28.5387 -11.0152 4.02841 51.8069 -23.304 45.6594 61.0493 13.3729 -19.6065 7.16199 -11.295 -1.49465 -6.90026 -47.6978 21.8119 -14.3246 -24.0932 15.2327 37.0528 46.7122 49.1207 8.747 -8.55121 25.3518 20.4099 -21.2192 -18.851 -35.3315 51.5827 38.0265 25.4051 5.97661 20.6677 3.03306 13.5014 -61.1201 -40.7578 25.853 34.757 -35.3514 -58.5435 21.3092 
12.6126 1.88569 -11.0144 -20.6346 -21.5666 9.48704 28.2878 21.9559 8.15944 -28.8293 14.3732 27.9595 3.20416 35.5634 -19.6371 19.5917 3.38094 -31.1836 -48.6365 -1.71387 1.2275 4.61513 17.5986 32.1021 -15.7047 -20.4267 46.7122 2.9305 33.6954 -25.7476 -28.2169 -31.7264 -1.40657 -1.37428 31.6558 4.2763 9.22503 11.1933 32.0993 12.8756 -31.4036 -20.9602 4.52256 -0.43905 11.303 27.1805 41.3844 -0.644618 -0.105453 -3.43365 
20.4434 12.7203 -18.6131 11.4443 3.27168 11.3612 8.59603 -11.6139 -13.4558 19.0608 -3.80563 6.75138 -7.42784 -24.4079 -6.15514 10.1993 4.00419 -49.7266 -1.43185 41.5194 28.8462 20.4415 -41.6927 -17.4664 18.8529 -23.5479 49.1207 33.6954 -4.02051 -27.2396 32.8969 19.1825 55.1148 -0.680177 15.7821 29.188 -42.7856 -13.4269 -18.6088 -14.999 12.1328 3.67957 25.8578 36.6029 40.7065 -26.5401 16.4243 2.38941 -5.30226 -28.0852 
-19.8733 27.6204 -0.242895 -6.4272 18.9915 -21.3477 -11.0878 7.29035 23.7245 7.79346 -4.82729 10.5379 -13.2514 -36.7701 -37.2761 -3.19099 -16.1646 64.5814 -19.0486 29.3776 -28.7888 -18.2393 60.0634 10.8932 -14.8102 4.10546 8.747 -25.7476 -27.2396 23.3572 -12.6798 10.6848 43.2416 -13.7662 -37.3902 -39.9185 -58.9143 -2.70334 -1.80822 22.8171 26.4694 -25.1159 7.43092 -25.6843 18.3827 27.377 -6.90975 -29.6895 -36.4162 13.246 
7.96045 1.92702 21.2983 -8.67218 32.5056 -4.76733 0.824917 -17.1635 20.3779 2.13398 -12.5287 -12.3161 -9.28378 54.6539 -46.3703 13.5462 -27.7254 32.3596 14.7052 -7.29072 24.4792 28.3888 16.6647 21.3447 10.3575 53.7905 -8.55121 -28.2169 32.8969 -12.6798 -43.4603 26.0345 -12.681 -2.49323 -6.47752 -8.51312 -44.8159 13.2697 -29.0938 -10.7155 22.1738 35.0649 -26.7931 39.4652 -2.03157 7.64519 6.02174 33.6286 34.2753 5.47708 
15.1752 -0.751458 -2.63112 12.0338 6.55039 -5.26081 -29.428 7.72076 11.3603 -9.97603 10.5056 -24.3717 -13.9122 -36.7444 -4.70633 39.3347 -33.9091 4.74 5.22642 17.2623 2.43193 14.1984 4.04325 27.5816 -10.5841 24.4251 25.3518 -31.7264 19.1825 10.6848 26.0345 15.0217 -23.7664 13.1657 2.35213 -30.3397 -1.32595 22.7736 4.15152 1.4434 -13.4411 18.7639 -0.470827 4.26581 -28.6474 44.2652 4.00401 1.36165 5.0078 -18.5125 
-14.0568 -2.31158 10.622 -3.5865 -3.21072 7.24232 -15.9325 -8.14384 -2.6781 -22.6189 37.2103 -18.2028 9.24565 4.16393 8.21148 3.99775 6.61662 37.1377 -22.5727 21.0714 6.65239 -19.7505 -16.4327 28.9767 -44.6001 6.35547 20.4099 -1.40657 55.1148 43.2416 -12.681 -23.7664 16.8317 32.3275 16.4442 -11.8467 36.2868 -14.1342 3.4423 27.6117 -16.8036 47.6302 -28.6393 1.04919 -37.1495 6.19993 42.7554 43.5356 4.43857 -44.9597 
3.34305 2.07825 -1.21145 20.9327 31.6555 1.71295 21.0007 -15.7705 -21.2816 6.10064 -5.42843 28.7647 -39.2227 7.41125 -0.904229 -2.79356 -3.7514 30.4475 10.8515 -8.79001 -8.03733 9.90967 27.2641 -23.6359 13.3155 13.8022 -21.2192 -1.37428 -0.680177 -13.7662 -2.49323 13.1657 32.3275 -5.60086 -36.1962 21.9239 0.579334 2.60341 -24.143 -0.417391 31.2479 11.9347 -31.0048 -28.6116 -28.0208 -47.1837 -11.5231 29.4588 14.9351 4.26435 
-15.4873 -13.2606 15.4222 16.8402 13.0328 -0.291431 17.912 -7.97863 0.429054 8.53679 -2.82467 -27.4324 -47.3656 12.3166 18.4899 -11.9997 18.5096 -6.72465 7.73633 4.6057 -10.0095 -11.9991 1.07436 37.7199 21.3434 3.0095 -18.851 31.6558 15.7821 -37.3902 -6.47752 2.35213 16.4442 -36.1962 -10.1659 -1.83624 -29.8607 19.6223 -12.7251 -26.3475 23.1849 -23.255 -46.2657 -0.278967 -31.8059 -15.2678 -27.7326 8.44868 13.7658 -0.463751 
15.727 4.71674 -5.66085 -2.14707 21.7691 10.3679 -15.2704 -2.81183 -3.68211 -0.9928 10.8828 -33.8609 10.0785 4.39139 47.312 -40.8305 41.4583 -37.3153 -7.35774 28.6156 41.1272 -15.6442 30.4811 18.0625 -46.1129 21.0808 -35.3315 4.2763 29.188 -39.9185 -8.51312 -30.3397 -11.8467 21.9239 -1.83624 22.9811 1.8844 -0.248825 11.2264 -18.1586 -38.6767 25.0618 31.6592 -11.8068 -6.27278 -1.98414 -19.2912 1.05607 15.5221 15.3093 
-2.21337 9.1649 4.98941 22.6381 7.57841 -4.15526 -5.7525 0.834575 -13.23 -0.499598 11.0541 16.0819 -25.6346 28.2192 -0.979236 -11.8083 -14.7272 1.62259 -21.9511 -33.4948 41.0915 -66.9203 -22.4866 53.6135 -34.5261 18.2813 51.5827 9.22503 -42.7856 -58.9143 -44.8159 -1.32595 36.2868 0.579334 -29.8607 1.8844 46.8328 -13.1077 -39.1346 -7.51145 -9.07649 2.67493 58.8071 10.6256 3.57221 -0.333183 -42.1381 35.7769 0.836762 -47.116 
12.704 -0.329538 -21.4732 0.541397 9.38699 19.7482 -14.8565 4.06495 -15.3845 -13.6649 27.9339 2.46113 43.4682 4.09683 -14.6775 -30.9102 -19.2028 2.62591 -17.713 37.7714 36.3201 28.4492 -43.8515 -8.60945 41.6773 35.368 38.0265 11.1933 -13.4269 -2.70334 13.2697 22.7736 -14.1342 2.60341 19.6223 -0.248825 -13.1077 -16.6532 38.9932 -32.0009 24.1258 17.5047 -3.7017 -19.8103 -8.50148 -4.82451 20.1333 39.3873 -9.99648 -26.4311 
16.7319 3.80542 -10.8864 -3.20177 10.5373 -9.33214 10.6441 19.9213 -20.3725 -3.36741 -3.64399 -29.9075 -45.4865 28.3953 -23.0494 15.0504 -21.3744 54.8122 1.08868 10.2704 81.0389 63.8577 -25.8919 29.6715 -14.003 4.91757 25.4051 32.0993 -18.6088 -1.80822 -29.0938 4.15152 3.4423 -24.143 -12.7251 11.2264 -39.1346 38.9932 -16.2647 -51.0655 33.3777 -23.2569 47.6912 -16.1811 21.4095 -25.7491 0.590502 -12.2935 11.4419 3.00252 
27.9333 -12.3149 -11.6579 -21.9586 -29.2086 -21.0739 -1.97071 -2.9158 7.83776 -6.97044 14.9449 10.3784 7.24855 77.4041 -21.5044 5.11635 -15.1953 36.0868 4.94748 -23.8227 -7.81969 38.6114 -28.6012 32.7635 -0.101673 -11.6429 5.97661 12.8756 -14.999 22.8171 -10.7155 1.4434 27.6117 -0.417391 -26.3475 -18.1586 -7.51145 -32.0009 -51.0655 18.7981 47.8383 38.8598 -18.1804 30.9555 -4.51178 25.163 30.6882 -21.0831 -15.441 -55.0441 
38.597 6.87392 2.19695 -7.15007 -10.6606 -6.50214 7.14826 12.3291 18.8782 0.0205323 -5.38849 -53.2208 10.0778 -51.0676 -38.4682 -46.3757 28.7048 -6.95594 -19.968 60.6003 12.4234 34.1584 -14.0571 -17.8615 -38.6809 2.35828 20.6677 -31.4036 12.1328 26.4694 22.1738 -13.4411 -16.8036 31.2479 23.1849 -38.6767 -9.07649 24.1258 33.3777 47.8383 41.8762 -42.2832 0.0996009 0.175758 6.31537 42.0682 27.8632 3.18265 29.6042 -0.172782 
-8.20928 -6.43614 6.87282 21.4244 11.8658 -10.7913 -17.6156 8.19407 -4.78149 3.14198 5.72164 -33.7356 30.255 61.7147 -9.00648 -14.5211 -23.3936 50.0528 59.9435 -17.6434 29.0402 48.6553 -33.7897 4.67286 -21.514 21.1784 3.03306 -20.9602 3.67957 -25.1159 35.0649 18.7639 47.6302 11.9347 -23.255 25.0618 2.67493 17.5047 -23.2569 38.8598 -42.2832 -4.54334 3.33049 -14.5667 -19.2574 34.4675 -44.9542 0.537765 -31.8818 4.6129 
15.1018 3.14311 4.00148 -9.06399 -5.09321 10.9635 -8.19131 9.16525 4.80685 1.94558 -6.54785 -52.1603 -24.2512 46.5142 0.476669 29.9088 2.4941 13.9397 -27.0504 49.69 55.1814 -2.67324 -39.8498 -16.8014 48.0582 31.948 13.5014 4.52256 25.8578 7.43092 -26.7931 -0.470827 -28.6393 -31.0048 -46.2657 31.6592 58.8071 -3.7017 47.6912 -18.1804 0.0996009 3.33049 50.3582 -36.4507 -6.84116 4.72173 40.1497 -26.3936 44.1247 33.0555 
2.14309 -2.03579 1.53288 7.02348 -0.374914 -4.79095 2.29782 -5.55325 -15.1192 -4.02683 -1.54237 -4.62675 -11.5311 32.3818 31.0492 50.9783 -5.13008 66.3391 23.9751 -22.5066 50.0546 -0.980905 30.2412 -21.0344 9.81028 3.23924 -61.1201 -0.43905 36.6029 -25.6843 39.4652 4.26581 1.04919 -28.6116 -0.278967 -11.8068 10.6256 -19.8103 -16.1811 30.9555 0.175758 -14.5667 -36.4507 23.331 -18.4784 -23.3706 20.3432 0.218064 -28.9 -13.4013 
-1.29118 0.190663 -10.04 11.7211 5.85425 -7.38435 -5.343 2.56761 -7.28629 2.63903 -0.0885653 -82.163 -18.4359 -41.1173 -15.655 19.462 -7.48363 -20.6933 23.3618 -20.068 -30.1696 -13.7696 2.50172 6.8289 19.1837 18.6564 -40.7578 11.303 40.7065 18.3827 -2.03157 -28.6474 -37.1495 -28.0208 -31.8059 -6.27278 3.57221 -8.50148 21.4095 -4.51178 6.31537 -19.2574 -6.84116 -18.4784 12.7929 15.2329 -29.5683 9.43044 -45.1874 10.1031 
10.5631 -6.24106 -8.10151 9.32908 -8.60061 -5.3528 6.51053 -8.82938 9.615 3.91433 7.92272 6.99375 -19.6986 20.5431 -16.0061 -41.5396 -4.00453 7.56329 -22.5686 36.1785 -25.851 -25.2674 17.7964 -1.60255 41.4003 3.51766 25.853 27.1805 -26.5401 27.377 7.64519 44.2652 6.19993 -47.1837 -15.2678 -1.98414 -0.333183 -4.82451 -25.7491 25.163 42.0682 34.4675 4.72173 -23.3706 15.2329 -40.2877 -33.0238 -11.6613 25.7633 -26.9265 
1.4978 -3.90058 -11.1574 -0.469889 -0.0306826 5.37919 0.407617 4.93409 -0.235452 5.9152 -14.1551 17.6529 25.0458 51.7346 19.1453 21.5668 18.623 -17.2029 9.71151 20.6157 1.60551 -19.5341 16.0439 -34.8641 22.9712 -38.0276 34.757 41.3844 16.4243 -6.90975 6.02174 4.00401 42.7554 -11.5231 -27.7326 -19.2912 -42.1381 20.1333 0.590502 30.6882 27.8632 -44.9542 40.1497 20.3432 -29.5683 -33.0238 -27.9354 -29.3647 -6.77823 41.5527 
-12.3538 1.44798 -3.4066 12.5471 7.93509 6.46387 3.41022 2.68272 7.64564 0.795979 1.0388 0.139066 -12.818 8.41722 -10.9271 41.5903 -6.02978 5.67851 43.4206 0.506537 -22.9097 23.7663 37.4951 8.98867 -0.0616748 -3.74175 -35.3514 -0.644618 2.38941 -29.6895 33.6286 1.36165 43.5356 29.4588 8.44868 1.05607 35.7769 39.3873 -12.2935 -21.0831 3.18265 0.537765 -26.3936 0.218064 9.43044 -11.6613 -29.3647 27.302 35.4578 4.18361 
-17.6886 8.36338 -9.6314 2.40956 -15.2061 -6.66031 4.41577 -7.81992 -0.264759 -6.52257 14.4371 -19.3819 -12.8557 -4.15897 -13.8696 98.7681 25.8051 -23.8298 -28.1561 42.4133 -11.2244 21.2593 -25.1259 -34.0762 15.1137 -9.78539 -58.5435 -0.105453 -5.30226 -36.4162 34.2753 5.0078 4.43857 14.9351 13.7658 15.5221 0.836762 -9.99648 11.4419 -15.441 29.6042 -31.8818 44.1247 -28.9 -45.1874 25.7633 -6.77823 35.4578 21.1714 -63.0477 
2.52544 -4.14159 5.0121 11.1316 -1.96108 -0.328225 -2.80626 -3.59701 1.5863 3.84482 0 -13.4156 -10.2367 32.8115 6.49034 -43.4124 -29.6183 2.56741 -9.70757 13.4988 -24.3172 2.70889 21.8046 60.99 21.9387 -23.2189 21.3092 -3.43365 -28.0852 13.246 5.47708 -18.5125 -44.9597 4.26435 -0.463751 15.3093 -47.116 -26.4311 3.00252 -55.0441 -0.172782 4.6129 33.0555 -13.4013 10.1031 -26.9265 41.5527 4.18361 -63.0477 9.2321 
