298.17 28.5975 25.8041 -25.9837 0 72.9538 143.047 129.137 111.096 108.184 107.122 46.1232 134.784 135.185 82.7438 70.0044 93.7222 121.82 99.0606 70.4197 92.1468 123.882 153.306 70.4615 98.07 102.921 88.8387 86.9303 158.549 126.882 120.788 120.374 67.7308 128.037 136.021 162.458 122.721 105.087 89.5819 95.3278 148.843 98.2988 95.418 86.6933 167.643 94.8173 107.748 43.5915 84.7427 150.143 
28.5975 -44.8493 -18.8103 63.1957 3.04724 26.9308 12.5712 0.0951385 30.7332 67.9346 32.6046 -10.9211 -29.4892 36.7682 -12.7598 15.3591 -18.177 23.6566 -16.1236 -9.30643 41.1559 -18.0398 41.4303 51.853 -8.42911 -5.12783 20.9881 15.3741 15.7082 16.1441 25.3011 71.0716 -5.64116 30.6884 26.2083 35.6221 17.7914 -28.7667 36.1775 21.3643 65.9587 -14.1925 38.0637 52.4559 9.53875 11.7088 -44.741 8.17797 62.986 38.9261 
25.8041 -18.8103 -3.56441 46.1201 -7.83736 1.11155 15.063 5.94976 -37.1608 51.3687 -44.3578 2.91976 38.5656 -0.0271111 17.0838 -19.0011 53.14 53.0371 -0.194328 39.4106 58.6827 5.35725 -35.1252 1.83609 -18.9601 11.6391 -27.447 67.0876 18.8297 45.8788 41.117 -16.0504 12.8887 15.6818 1.12716 35.2883 -12.6085 52.6114 39.1884 -25.7345 35.099 -20.7236 -3.1996 -3.15328 11.0344 3.08921 -16.5064 -13.7886 -12.1423 8.77419 
-25.9837 63.1957 46.1201 9.46912 -58.0026 -21.7541 -33.5077 -22.5772 47.643 -34.6391 -27.5305 23.7454 -21.3189 -10.5964 -24.9384 28.9619 33.3163 34.6963 12.0624 -7.71312 -3.89595 1.92835 27.9995 -40.3695 -18.6118 33.5159 -22.4858 -27.8961 17.9904 5.65857 -3.67753 54.4158 6.87241 0.257492 -6.81618 -38.2563 -39.7113 2.29777 -0.133495 -5.87481 10.0271 -33.0801 35.813 -14.1959 -14.2994 51.3772 -20.669 16.1061 -0.928894 14.9383 
0 3.04724 -7.83736 -58.0026 -38.2251 -2.00034 -16.9642 -45.7971 -19.0872 -16.687 35.2896 -16.2791 -13.2624 8.47301 -22.8224 10.2785 -35.4107 -10.7423 -39.9937 -11.8227 -10.5983 40.9303 6.92981 -12.9372 -25.3051 59.0866 -13.4994 8.17489 5.67683 34.1075 44.508 54.5554 48.5527 -29.9635 -12.7206 25.841 -49.4974 -4.34213 19.0403 51.5305 8.92916 45.8166 3.27682 31.292 31.1886 -34.8055 11.9981 -15.1449 14.6337 -55.2069 
72.9538 26.9308 1.11155 -21.7541 -2.00034 22 28 99 43 46 68 40 22 11 10 5 1 61 30 78 5 20 36 44 26 22 65 8 16 82 58 24 37 62 24 0 36 52 99 79 50 68 71 73 31 81 30 33 94 60 
143.047 12.5712 15.063 -33.5077 -16.9642 28 63 99 81 99 96 59 73 13 68 90 95 26 66 84 40 90 84 76 42 36 7 45 56 79 18 87 12 48 72 59 9 36 10 42 87 6 1 13 72 21 55 19 99 21 
129.137 0.0951385 5.94976 -22.5772 -45.7971 99 99 4 39 11 40 67 5 28 27 50 84 58 20 24 22 69 96 81 30 84 92 72 72 50 25 85 22 99 40 42 98 13 98 90 24 90 9 81 19 36 32 55 94 4 
111.096 30.7332 -37.1608 47.643 -19.0872 43 81 39 79 69 73 76 50 55 60 42 79 84 93 5 21 67 4 13 61 54 26 59 44 2 2 6 84 21 42 68 28 89 72 8 58 98 36 8 53 48 3 33 33 48 
108.184 67.9346 51.3687 -34.6391 -16.687 46 99 11 69 90 54 67 46 68 29 0 46 88 97 49 90 3 33 63 97 53 92 86 25 52 96 75 88 57 29 36 60 14 21 60 4 28 27 50 48 56 2 94 97 99 
107.122 32.6046 -44.3578 -27.5305 35.2896 68 96 40 73 54 43 39 2 28 3 0 81 47 38 59 51 35 34 39 92 15 27 4 29 49 64 85 29 43 35 77 0 38 71 49 89 67 88 92 95 43 44 29 90 82 
46.1232 -10.9211 2.91976 23.7454 -16.2791 40 59 67 76 67 39 40 41 69 26 32 61 42 60 17 23 61 81 9 90 25 96 67 77 34 90 26 24 57 14 68 5 58 12 86 0 46 26 94 16 52 78 29 46 90 
134.784 -29.4892 38.5656 -21.3189 -13.2624 22 73 5 50 46 2 41 47 70 51 80 31 93 57 27 12 86 14 55 12 90 12 79 10 69 89 74 55 41 20 33 87 88 38 66 70 84 56 17 6 60 49 37 5 59 
135.185 36.7682 -0.0271111 -10.5964 8.47301 11 13 28 55 68 28 69 70 17 18 45 83 73 58 73 37 89 83 7 78 57 14 71 29 0 59 18 38 25 88 74 33 57 81 93 58 70 99 17 39 69 63 22 94 73 
82.7438 -12.7598 17.0838 -24.9384 -22.8224 10 68 27 60 29 3 26 51 18 47 31 62 82 90 92 91 57 15 21 57 74 91 47 51 31 21 37 40 54 30 98 25 81 16 16 2 31 39 96 4 38 80 18 21 70 
70.0044 15.3591 -19.0011 28.9619 10.2785 5 90 50 42 0 0 32 80 45 31 62 12 79 77 85 36 4 76 83 7 59 57 44 99 11 27 50 36 60 18 5 63 49 44 11 5 34 91 75 55 14 89 68 93 18 
93.7222 -18.177 53.14 33.3163 -35.4107 1 95 84 79 46 81 61 31 83 62 12 5 82 22 82 17 30 93 74 26 93 86 53 43 74 14 13 79 77 62 75 88 19 10 32 94 17 46 35 37 91 53 43 73 28 
121.82 23.6566 53.0371 34.6963 -10.7423 61 26 58 84 88 47 42 93 73 82 79 82 25 91 10 18 17 36 63 55 90 58 30 4 71 61 33 85 89 73 4 51 5 50 68 3 85 6 95 39 49 20 67 26 63 
99.0606 -16.1236 -0.194328 12.0624 -39.9937 30 66 20 93 97 38 60 57 58 90 77 22 91 77 96 81 65 60 36 55 70 18 11 42 32 96 79 21 70 84 72 27 34 40 83 72 98 30 63 47 50 30 73 14 59 
70.4197 -9.30643 39.4106 -7.71312 -11.8227 78 84 24 5 49 59 17 27 73 92 85 82 10 96 22 47 24 82 35 32 4 54 43 98 86 40 78 59 62 62 83 41 48 23 24 72 22 54 35 21 57 65 47 71 76 
92.1468 41.1559 58.6827 -3.89595 -10.5983 5 40 22 21 90 51 23 12 37 91 36 17 18 81 47 69 18 1 3 53 33 7 59 28 6 97 20 84 8 34 98 91 76 98 15 52 71 89 59 6 10 16 24 9 39 
123.882 -18.0398 5.35725 1.92835 40.9303 20 90 69 67 3 35 61 86 89 57 4 30 17 65 24 18 0 78 9 53 81 14 38 89 26 67 47 23 87 31 32 22 81 75 50 79 90 54 50 31 13 57 94 81 81 
153.306 41.4303 -35.1252 27.9995 6.92981 36 84 96 4 33 34 81 14 83 15 76 93 36 60 82 1 78 3 20 33 82 81 87 15 96 25 4 22 92 51 97 32 34 81 6 15 57 8 95 99 62 97 83 76 54 
70.4615 51.853 1.83609 -40.3695 -12.9372 44 76 81 13 63 39 9 55 7 21 83 74 63 36 35 3 9 20 77 9 87 32 82 21 66 63 60 82 11 85 86 85 30 90 83 14 76 16 20 92 25 28 39 25 90 
98.07 -8.42911 -18.9601 -18.6118 -25.3051 26 42 30 61 97 92 90 12 78 57 7 26 55 55 32 53 53 33 9 36 60 18 43 37 28 82 21 10 55 88 25 15 70 37 53 8 22 83 50 57 97 27 26 69 71 
102.921 -5.12783 11.6391 33.5159 59.0866 22 36 84 54 53 15 25 90 57 74 59 93 90 70 4 33 81 82 87 60 51 49 10 28 39 98 88 10 93 77 90 76 99 52 31 87 77 99 57 66 52 17 41 35 68 
88.8387 20.9881 -27.447 -22.4858 -13.4994 65 7 92 26 92 27 96 12 14 91 57 86 58 18 54 7 14 81 32 18 49 98 84 95 76 5 66 28 54 28 8 93 78 97 55 72 74 45 0 25 97 83 12 27 82 
86.9303 15.3741 67.0876 -27.8961 8.17489 8 45 72 59 86 4 67 79 71 47 44 53 30 11 43 59 38 87 82 43 10 84 21 93 34 39 34 21 59 85 57 54 61 62 72 41 16 52 50 62 82 99 17 54 73 
158.549 15.7082 18.8297 17.9904 5.67683 16 56 72 44 25 29 77 10 29 51 99 43 4 42 98 28 89 15 21 37 28 95 93 15 6 51 64 90 63 91 72 37 37 59 28 71 80 87 56 90 41 70 52 65 11 
126.882 16.1441 45.8788 5.65857 34.1075 82 79 50 2 52 49 34 69 0 31 11 74 71 32 86 6 26 96 66 28 39 76 34 6 69 17 61 83 51 12 0 6 38 67 64 89 32 54 4 75 79 41 12 38 69 
120.788 25.3011 41.117 -3.67753 44.508 58 18 25 2 96 64 90 89 59 21 27 14 61 96 40 97 67 25 63 82 98 5 39 51 17 36 70 56 44 60 49 14 65 14 26 86 83 39 69 35 52 21 93 90 89 
120.374 71.0716 -16.0504 54.4158 54.5554 24 87 85 6 75 85 26 74 18 37 50 13 33 79 78 20 47 4 60 21 88 66 34 64 61 70 9 31 73 64 35 48 95 77 13 33 98 49 55 55 93 68 56 60 33 
67.7308 -5.64116 12.8887 6.87241 48.5527 37 12 22 84 88 29 24 55 38 40 36 79 85 21 59 84 23 22 82 10 10 28 21 90 83 56 31 23 86 71 58 77 40 45 81 61 90 23 50 0 54 75 64 42 24 
128.037 30.6884 15.6818 0.257492 -29.9635 62 48 99 21 57 43 57 41 25 54 60 77 89 70 62 8 87 92 11 55 93 54 59 63 51 44 73 86 59 19 89 44 69 38 51 76 83 19 33 43 4 56 81 75 66 
136.021 26.2083 1.12716 -6.81618 -12.7206 24 72 40 42 29 35 14 20 88 30 18 62 73 84 62 34 31 51 85 88 77 28 85 91 12 60 64 71 19 11 67 12 92 29 2 68 31 2 74 7 18 16 83 77 87 
162.458 35.6221 35.2883 -38.2563 25.841 0 59 42 68 36 77 68 33 74 98 5 75 4 72 83 98 32 97 86 25 90 8 57 72 0 49 35 58 89 67 72 73 57 62 25 33 97 96 18 41 53 26 74 80 93 
122.721 17.7914 -12.6085 -39.7113 -49.4974 36 9 98 28 60 0 5 87 33 25 63 88 51 27 41 91 22 32 85 15 76 93 54 37 6 14 48 77 44 12 73 85 48 5 30 29 59 98 60 62 24 19 80 41 2 
105.087 -28.7667 52.6114 2.29777 -4.34213 52 36 13 89 14 38 58 88 57 81 49 19 5 34 48 76 81 34 30 70 99 78 61 37 38 65 95 40 69 92 57 48 10 80 26 83 89 40 8 23 38 57 93 31 10 
89.5819 36.1775 39.1884 -0.133495 19.0403 99 10 98 72 21 71 12 38 81 16 44 10 50 40 23 98 75 81 90 37 52 97 62 59 67 14 77 45 38 29 62 5 80 20 5 90 13 91 38 70 21 67 29 71 80 
95.3278 21.3643 -25.7345 -5.87481 51.5305 79 42 90 8 60 49 86 66 93 16 11 32 68 83 24 15 50 6 83 53 31 55 72 28 64 26 13 81 51 2 25 30 26 5 43 95 99 24 88 54 86 69 32 69 10 
148.843 65.9587 35.099 10.0271 8.92916 50 87 24 58 4 89 0 70 58 2 5 94 3 72 72 52 79 15 14 8 87 72 41 71 89 86 33 61 76 68 33 29 83 90 95 73 30 33 63 87 79 94 49 99 51 
98.2988 -14.1925 -20.7236 -33.0801 45.8166 68 6 90 98 28 67 46 84 70 31 34 17 85 98 22 71 90 57 76 22 77 74 16 80 32 83 98 90 83 31 97 59 89 13 99 30 39 64 42 30 86 15 49 15 86 
95.418 38.0637 -3.1996 35.813 3.27682 71 1 9 36 27 88 26 56 99 39 91 46 6 30 54 89 54 8 16 83 99 45 52 87 54 39 49 23 19 2 96 98 40 91 24 33 64 81 11 34 33 87 22 87 73 
86.6933 52.4559 -3.15328 -14.1959 31.292 73 13 81 8 50 92 94 17 17 96 75 35 95 63 35 59 50 95 20 50 57 0 50 56 4 69 55 50 33 74 18 60 8 38 88 63 42 11 43 19 42 54 44 24 39 
167.643 9.53875 11.0344 -14.2994 31.1886 31 72 19 53 48 95 16 6 39 4 55 37 39 47 21 6 31 99 92 57 66 25 62 90 75 35 55 0 43 7 41 62 23 70 54 87 30 34 19 59 63 18 53 12 69 
94.8173 11.7088 3.08921 51.3772 -34.8055 81 21 36 48 56 43 52 60 69 38 14 91 49 50 57 10 13 62 25 97 52 97 82 41 79 52 93 54 4 18 53 24 38 21 86 79 86 33 42 63 5 4 33 99 34 
107.748 -44.741 -16.5064 -20.669 11.9981 30 55 32 3 2 44 78 49 63 80 89 53 20 30 65 16 57 97 28 27 17 83 99 70 41 21 68 75 56 16 26 19 57 67 69 94 15 87 54 18 4 19 15 35 87 
43.5915 8.17797 -13.7886 16.1061 -15.1449 33 19 55 33 94 29 29 37 22 18 68 43 67 73 47 24 94 83 39 26 41 12 17 52 12 93 56 64 81 83 74 80 93 29 32 49 49 22 44 53 33 15 53 69 50 
84.7427 62.986 -12.1423 -0.928894 14.6337 94 99 94 33 97 90 46 5 94 21 93 73 26 14 71 9 81 76 25 69 35 27 54 65 38 90 60 42 75 77 80 41 31 71 69 99 15 87 24 12 99 35 69 87 2 
150.143 38.9261 8.77419 14.9383 -55.2069 60 21 4 48 99 82 90 59 73 70 18 28 63 59 76 39 81 54 90 71 68 82 73 11 69 89 33 24 66 87 93 2 10 80 10 51 86 73 39 69 34 87 50 2 37 
