2528.29 81.2723 46.8535 14.5554 8.30736 39.0679 -1.5683 -27.1255 1.88124 15.6619 18.2437 71.9859 28.3316 47.3137 23 46.432 -45.3566 49.058 -53.6162 96.467 50.5191 52.4172 36.1545 64.0221 -11.9972 0.0514191 -13.3902 -29.6074 6.58957 -38.1729 -0.283828 24.0492 -20.8662 -3.23691 -10.2407 36.7508 -7.63141 2.74595 18.6431 6.64624 50.3868 -14.0994 23.3736 2.70921 27.3025 -1.42521 -24.0631 -13.0277 -9.66906 0.737931 
81.2723 -249.218 17.5859 18.8722 -5.34745 -5.34988 -4.17646 16.2216 5.64474 -7.23097 -7.05497 8.99636 -3.11885 -9.14338 12.7159 1.23768 17.6339 8.4184 -39.5004 -17.7483 -7.71404 11.7571 13.2461 29.6493 -1.0249 -15.2431 -13.6788 2.25085 9.76925 25.1471 3.76999 -0.430281 -4.97118 1.94101 -13.1061 4.54873 5.34004 -0.0180557 4.97528 -11.6727 9.07238 -4.22251 3.66956 -0.201097 2.73208 -5.62516 -3.2728 1.885 9.7974 -3.10567 
46.8535 17.5859 -260.328 -20.54 -6.10481 15.7748 25.0367 20.2018 4.32628 -27.088 14.1611 -32.729 -3.94979 6.15312 8.20915 31.3697 -34.53 -27.9204 11.6503 27.6917 -21.2742 -47.7644 -32.1743 2.81392 -3.36199 -7.86577 -10.2049 -3.84632 -10.6187 2.6654 12.1328 -2.43929 22.5546 -1.89905 15.8869 -0.588038 18.3789 -22.0931 -14.401 -11.813 -4.5506 3.95685 2.09362 -1.94075 -20.2554 -7.58625 -6.77614 -3.93781 -13.8167 3.69173 
14.5554 18.8722 -20.54 275.119 -42.6794 -6.85382 5.05892 -10.6818 -23.739 41.9416 -0.42578 0.611123 22.5129 -9.88186 13.0482 -32.6777 -29.3256 21.7332 -4.49308 -24.0133 6.48252 9.68058 13.8557 -2.86024 21.0154 11.0385 -8.6816 -19.6007 7.82587 -1.7228 -10.1849 13.0418 0.497843 22.835 17.9961 -4.49403 27.2077 -1.66786 -1.67344 -18.9331 -0.253454 17.2325 -12.0752 4.30128 16.1176 13.3611 -5.31182 11.9436 0.805571 10.4999 
8.30736 -5.34745 -6.10481 -42.6794 -228.574 -8.19011 -21.9357 10.6163 4.19787 -9.34167 -12.0452 -11.6022 -12.2871 0.845684 22.6114 15.6105 -50.0627 25.8162 8.69112 17.823 15.8851 -7.989 -3.4778 -18.5999 -5.68538 10.386 37.4743 -26.3604 9.85494 5.7856 28.7108 6.90431 -0.914609 28.6859 13.1873 28.9319 7.49198 11.1075 8.46569 -30.557 -15.8335 14.0636 -4.92247 0.0995906 0.113014 -8.90769 5.12763 8.10857 -16.055 -1.74204 
39.0679 -5.34988 15.7748 -6.85382 -8.19011 -216.079 -14.2542 -13.6767 22.9741 14.8926 -5.90095 3.97219 10.3799 -27.9902 -10.2253 -34.7764 -1.1574 -16.0647 -2.54817 -31.1435 -13.9756 17.9394 0.420839 -15.6065 -4.35898 -14.8955 -7.68412 15.6355 9.53108 -16.2503 0.398853 -6.54121 5.50223 4.34361 -1.00774 1.25732 -6.34357 20.4142 -7.18673 -13.2855 -0.942735 -10.8567 7.48881 -4.92062 -6.6254 1.04973 6.2674 6.55962 -7.29082 0.888932 
-1.5683 -4.17646 25.0367 5.05892 -21.9357 -14.2542 -234.741 -6.61849 -31.8388 18.7191 -8.91719 29.9995 11.5972 37.3896 17.4695 -23.9266 -54.283 0.997303 -1.23672 23.3207 17.0083 -16.9494 69.796 -43.5845 7.88295 -11.6243 -4.52056 7.97771 4.8518 -22.5036 -7.35921 -24.297 -15.4052 16.2667 21.2935 2.9833 -2.13926 -21.7142 8.95993 -17.9263 9.76046 -21.9866 -2.93528 2.16151 7.36289 -2.34858 -12.7586 2.90976 8.07524 -4.60714 
-27.1255 16.2216 20.2018 -10.6818 10.6163 -13.6767 -6.61849 -273.137 3.24553 4.55744 -13.8094 2.20983 15.0518 0.279178 7.12858 -17.9675 2.53351 5.33705 14.1779 16.7397 -13.5981 -10.5272 -22.4888 -29.3343 31.3941 9.53706 16.7578 23.3786 -15.6175 10.1237 -18.6765 8.73318 -7.06659 -15.1041 -7.16046 -3.30103 3.84649 1.67403 20.463 -3.7309 15.7204 4.49674 8.21797 -7.74919 5.52846 -7.88596 0.468725 2.10975 -8.7819 -4.40829 
1.88124 5.64474 4.32628 -23.739 4.19787 22.9741 -31.8388 3.24553 280.278 -4.08605 5.27509 -13.286 -8.3411 34.3753 44.527 27.723 -7.89388 25.9389 6.50183 26.2423 6.97017 -34.0188 19.7978 -30.3775 -6.07484 -27.4767 -27.8795 0.595894 -5.32354 5.11613 8.76758 13.7647 4.4903 -25.4322 1.83722 10.3163 -3.37731 -18.1052 -24.6245 -1.24959 11.3343 -7.50908 7.30237 -16.834 -11.9224 3.0207 -0.807744 7.20185 -1.0672 -0.464141 
15.6619 -7.23097 -27.088 41.9416 -9.34167 14.8926 18.7191 4.55744 -4.08605 262.865 16.7906 -29.6261 1.72862 -11.2494 -8.29177 -17.1004 -17.8069 9.12002 24.7446 17.8654 -1.82042 11.2366 -6.46845 33.2765 -13.2325 14.4679 1.37482 -14.2221 22.1508 19.4507 4.01601 -12.373 -16.6307 8.95345 7.73697 -7.80564 8.33342 -12.6783 -4.18555 0.500215 -2.28598 1.03144 -2.30769 -6.91114 -7.39237 8.80233 11.804 0.395344 -10.8745 3.34485 
18.2437 -7.05497 14.1611 -0.42578 -12.0452 -5.90095 -8.91719 -13.8094 5.27509 16.7906 -233.172 14.0704 -42.3404 -1.3322 -16.5762 18.0854 10.3699 53.0692 -47.7137 -51.398 -1.4184 -16.5715 -15.022 24.1422 -19.7249 -25.2905 3.82169 6.5549 1.90687 -16.4865 -8.14573 8.51523 25.9303 -7.72319 -5.40646 10.0496 -9.35399 35.5995 -2.77923 14.8031 -12.1421 18.5057 -1.66949 6.38826 -1.70622 3.57813 -4.59168 2.93391 19.7327 3.01751 
71.9859 8.99636 -32.729 0.611123 -11.6022 3.97219 29.9995 2.20983 -13.286 -29.6261 14.0704 235.391 -10.1954 3.56864 19.7593 4.34334 -24.0403 12.6381 -24.7593 -6.38074 18.2284 -56.5606 23.8614 -7.71439 -3.34289 -15.2002 40.0359 -11.5629 -30.918 -26.559 -19.9589 8.781 13.6488 -1.01754 -4.41145 -0.237571 -26.2654 1.42466 -14.732 -4.06488 5.59526 13.431 9.00757 15.4514 4.29127 -9.25505 1.60659 -4.53795 3.18367 0.370758 
28.3316 -3.11885 -3.94979 22.5129 -12.2871 10.3799 11.5972 15.0518 -8.3411 1.72862 -42.3404 -10.1954 217.011 -2.83478 34.4111 -23.7604 -1.81646 -2.25743 -2.75306 -0.858029 32.8583 24.3837 3.06967 -12.0282 11.1063 6.78002 -2.52059 29.381 8.66501 -5.77662 17.8165 16.8079 28.037 2.88885 -0.870057 9.96006 7.69484 -4.63856 -8.60445 4.97091 5.33436 -22.9525 8.82156 4.87487 -6.99308 -7.26785 1.09566 2.79663 -3.78217 0.16879 
47.3137 -9.14338 6.15312 -9.88186 0.845684 -27.9902 37.3896 0.279178 34.3753 -11.2494 -1.3322 3.56864 -2.83478 199.01 -4.06681 -19.6197 -5.2027 12.2857 -16.8233 -27.4996 22.0147 34.3481 -16.9674 7.50057 3.87197 -20.198 -7.03494 -21.8172 -18.1409 31.778 -3.89091 32.2419 26.6669 -18.5081 0.268062 2.78767 -16.4315 -5.481 -26.3657 10.9933 9.43848 -1.11787 8.2228 -2.54357 4.27614 -7.3164 1.944 -0.201373 -3.89736 0 
23 12.7159 8.20915 13.0482 22.6114 -10.2253 17.4695 7.12858 44.527 -8.29177 -16.5762 19.7593 34.4111 -4.06681 -146.798 -21.144 -1.8106 19.4769 -30.7892 -31.5353 -33.1043 19.1437 -1.36646 -3.04774 -5.18192 -4.8203 -11.0857 -16.2285 -11.3773 0 -34.8137 -18.0825 -0.00302982 -2.58771 -10.951 -30.6614 -31.3099 -21.7648 -14.9778 28.3344 -20.5994 -10.2469 -1.03488 -7.42078 2.96144 -22.5762 -1.62838 -10.2554 37.7614 -28.4061 
46.432 1.23768 31.3697 -32.6777 15.6105 -34.7764 -23.9266 -17.9675 27.723 -17.1004 18.0854 4.34334 -23.7604 -19.6197 -21.144 39.1394 -13.9771 -7.25797 -10.794 20.0579 4.10022 -31.6983 9.18608 47.7494 -34.5118 -6.56269 -41.021 8.75692 12.3072 24.4404 23.0117 47.6565 -18.4683 -1.75491 -20.9856 -57.3672 -35.8289 -22.106 14.9496 -19.5624 -6.91305 -23.6804 13.9679 27.7691 41.215 -36.8944 -1.55188 38.557 94.158 -48.3516 
-45.3566 17.6339 -34.53 -29.3256 -50.0627 -1.1574 -54.283 2.53351 -7.89388 -17.8069 10.3699 -24.0403 -1.81646 -5.2027 -1.8106 -13.9771 15.9757 -17.0426 -23.0421 26.0315 -14.7635 1.22467 18.2859 -21.8222 13.2553 21.2106 -43.3604 6.47351 5.76439 -11.7963 -17.6174 -34.1919 13.9465 -16.445 8.08409 36.1114 -14.3852 -2.91452 -19.9621 0.0549096 44.2086 -4.20943 3.29518 -16.6644 -6.86818 0.406018 22.5401 -8.35195 17.9125 -25.3821 
49.058 8.4184 -27.9204 21.7332 25.8162 -16.0647 0.997303 5.33705 25.9389 9.12002 53.0692 12.6381 -2.25743 12.2857 19.4769 -7.25797 -17.0426 17.0204 8.91105 16.7344 -8.60971 -18.794 -38.0245 27.7784 -3.17525 45.3082 16.4909 -40.4241 -48.2312 31.7703 19.6657 7.43858 29.0798 25.0867 3.60142 -16.1994 -17.7075 -7.57872 47.5058 17.4989 -23.8123 45.5554 27.0304 81.202 -9.84032 -8.5119 -11.1142 7.48058 -5.61297 -3.21607 
-53.6162 -39.5004 11.6503 -4.49308 8.69112 -2.54817 -1.23672 14.1779 6.50183 24.7446 -47.7137 -24.7593 -2.75306 -16.8233 -30.7892 -10.794 -23.0421 8.91105 -11.0584 26.8229 17.9042 -9.77619 6.21018 -22.046 -9.10723 -7.81539 -14.9397 -28.3817 -1.92098 20.6761 24.3187 6.56644 -20.9034 35.3452 38.9274 -16.0365 1.18428 -36.8562 33.04 2.25497 1.25713 21.909 -7.71504 10.8822 30.1183 8.10981 -11.3788 34.1212 -21.2654 1.22435 
96.467 -17.7483 27.6917 -24.0133 17.823 -31.1435 23.3207 16.7397 26.2423 17.8654 -51.398 -6.38074 -0.858029 -27.4996 -31.5353 20.0579 26.0315 16.7344 26.8229 24.5718 20.1579 -3.3329 37.416 -30.6582 -22.3082 -29.3127 4.64722 16.2323 29.4994 23.5111 -5.8875 19.7514 18.762 -8.24777 32.7854 34.5828 -20.9186 11.7181 29.3406 -15.8859 55.8135 -32.6257 77.582 -11.5833 4.76933 39.7019 19.6539 -6.3836 65.1315 21.2111 
50.5191 -7.71404 -21.2742 6.48252 15.8851 -13.9756 17.0083 -13.5981 6.97017 -1.82042 -1.4184 18.2284 32.8583 22.0147 -33.1043 4.10022 -14.7635 -8.60971 17.9042 20.1579 8.11248 7.25724 18.5605 -10.3058 10.2658 12.2093 21.0166 24.3727 7.14383 -32.0705 41.838 -10.4443 7.19153 4.06436 2.55075 27.6192 60.3614 11.5293 84.2734 24.824 -37.106 33.2423 66.2759 61.4707 -32.8391 -20.5669 3.7402 -12.4143 2.49286 -15.9602 
52.4172 11.7571 -47.7644 9.68058 -7.989 17.9394 -16.9494 -10.5272 -34.0188 11.2366 -16.5715 -56.5606 24.3837 34.3481 19.1437 -31.6983 1.22467 -18.794 -9.77619 -3.3329 7.25724 -8.1913 -3.65584 -42.4773 -12.9668 27.3956 -41.5147 8.8571 39.9427 2.33041 14.6152 15.2943 -4.60861 11.1237 -20.9581 -7.63226 -41.165 40.3572 61.2279 12.4622 50.8344 18.7118 -9.09312 -20.7857 -39.2056 -20.1792 -33.1066 8.02113 -0.684052 -9.6589 
36.1545 13.2461 -32.1743 13.8557 -3.4778 0.420839 69.796 -22.4888 19.7978 -6.46845 -15.022 23.8614 3.06967 -16.9674 -1.36646 9.18608 18.2859 -38.0245 6.21018 37.416 18.5605 -3.65584 -11.3791 -4.49177 0.903449 33.1353 32.5912 7.52296 -33.0874 3.965 -17.5039 1.09239 -30.1366 21.5664 15.0319 39.5335 -27.3262 -64.1214 -41.0536 -29.2153 -39.3787 -46.5097 -46.1669 33.8743 8.83354 -6.99142 20.0584 35.1603 0.55958 7.386 
64.0221 29.6493 2.81392 -2.86024 -18.5999 -15.6065 -43.5845 -29.3343 -30.3775 33.2765 24.1422 -7.71439 -12.0282 7.50057 -3.04774 47.7494 -21.8222 27.7784 -22.046 -30.6582 -10.3058 -42.4773 -4.49177 39.9218 -9.09275 34.8421 -20.9063 21.2487 -13.5607 -26.9441 30.9867 29.55 24.3715 -33.1628 35.8156 14.1231 26.7491 -2.45429 38.86 50.5309 -27.9578 46.6675 2.67027 -6.3886 24.6397 -21.2654 -18.3539 21.4562 -15.3126 56.4655 
-11.9972 -1.0249 -3.36199 21.0154 -5.68538 -4.35898 7.88295 31.3941 -6.07484 -13.2325 -19.7249 -3.34289 11.1063 3.87197 -5.18192 -34.5118 13.2553 -3.17525 -9.10723 -22.3082 10.2658 -12.9668 0.903449 -9.09275 -30.3348 16.9103 -17.4196 -7.81516 24.4049 -12.7906 -9.21664 -10.8481 -35.4683 13.2901 28.5213 -40.6455 -4.53027 29.8534 -19.0925 -13.4101 -34.4148 -53.5956 33.0498 -8.75618 13.2497 38.3016 1.7788 -16.0108 9.15978 17.2076 
0.0514191 -15.2431 -7.86577 11.0385 10.386 -14.8955 -11.6243 9.53706 -27.4767 14.4679 -25.2905 -15.2002 6.78002 -20.198 -4.8203 -6.56269 21.2106 45.3082 -7.81539 -29.3127 12.2093 27.3956 33.1353 34.8421 16.9103 6.24912 13.7585 -28.463 -15.0603 -2.84577 41.2936 25.4959 9.36859 7.43616 0.321489 29.7686 15.767 39.909 0.47255 -17.8891 4.89249 19.9973 30.235 4.85583 13.694 0.501544 -27.6742 -4.89004 -11.0136 -30.7372 
-13.3902 -13.6788 -10.2049 -8.6816 37.4743 -7.68412 -4.52056 16.7578 -27.8795 1.37482 3.82169 40.0359 -2.52059 -7.03494 -11.0857 -41.021 -43.3604 16.4909 -14.9397 4.64722 21.0166 -41.5147 32.5912 -20.9063 -17.4196 13.7585 14.3191 18.5095 49.5711 -18.2369 -25.4096 28.5574 12.9619 -30.8753 -13.0744 -21.7577 32.1467 31.7711 29.8248 -10.8404 39.1896 10.4013 21.9919 -50.4141 1.0658 -1.73124 14.2855 -42.6208 -36.8753 4.2419 
-29.6074 2.25085 -3.84632 -19.6007 -26.3604 15.6355 7.97771 23.3786 0.595894 -14.2221 6.5549 -11.5629 29.381 -21.8172 -16.2285 8.75692 6.47351 -40.4241 -28.3817 16.2323 24.3727 8.8571 7.52296 21.2487 -7.81516 -28.463 18.5095 -24.8347 31.6246 -30.642 -35.6818 -27.0559 -4.70642 -8.11823 30.6329 16.4489 -7.22133 8.40066 28.8312 -1.40852 -9.04345 -17.5909 5.95524 13.2768 36.7156 13.6647 29.9999 -0.953913 6.70478 -16.8662 
6.58957 9.76925 -10.6187 7.82587 9.85494 9.53108 4.8518 -15.6175 -5.32354 22.1508 1.90687 -30.918 8.66501 -18.1409 -11.3773 12.3072 5.76439 -48.2312 -1.92098 29.4994 7.14383 39.9427 -33.0874 -13.5607 24.4049 -15.0603 49.5711 31.6246 -13.3664 -26.2164 34.2767 19.0004 53.0062 2.30385 20.3789 23.2841 -41.8718 -20.9591 -14.1401 -6.57341 15.9459 2.7658 23.9201 32.7519 48.7352 -23.3465 5.63884 1.14107 -3.1332 -29.7409 
-38.1729 25.1471 2.6654 -1.7228 5.7856 -16.2503 -22.5036 10.1237 5.11613 19.4507 -16.4865 -26.559 -5.77662 31.778 0 24.4404 -11.7963 31.7703 20.6761 23.5111 -32.0705 2.33041 3.965 -26.9441 -12.7906 -2.84577 -18.2369 -30.642 -26.2164 34.0117 5.91438 18.8305 34.2542 -16.6689 -41.1142 -24.5977 -67.4231 7.51037 -6.50576 2.3764 31.4267 -8.26884 21.4928 -9.23864 21.0278 21.6637 6.29703 -17.7779 -42.0567 14.4021 
-0.283828 3.76999 12.1328 -10.1849 28.7108 0.398853 -7.35921 -18.6765 8.76758 4.01601 -8.14573 -19.9589 17.8165 -3.89091 -34.8137 23.0117 -17.6174 19.6657 24.3187 -5.8875 41.838 14.6152 -17.5039 30.9867 -9.21664 41.2936 -25.4096 -35.6818 34.2767 5.91438 -61.8168 29.8732 -2.3972 -8.5241 -6.73093 7.62648 -30.4833 5.59009 -33.9531 -25.8724 34.2164 14.7509 -38.4103 30.7468 -5.9402 -0.0558833 -7.14791 22.0437 21.5655 -2.55914 
24.0492 -0.430281 -2.43929 13.0418 6.90431 -6.54121 -24.297 8.73318 13.7647 -12.373 8.51523 8.781 16.8079 32.2419 -18.0825 47.6565 -34.1919 7.43858 6.56644 19.7514 -10.4443 15.2943 1.09239 29.55 -10.8481 25.4959 28.5574 -27.0559 19.0004 18.8305 29.8732 13.7651 -23.8269 14.5942 2.18041 -30.9452 1.33917 23.1272 2.18741 0.0424185 -19.4663 17.2833 1.58775 1.91663 -28.9612 43.8517 0.938116 3.51271 6.01664 -18.8546 
-20.8662 -4.97118 22.5546 0.497843 -0.914609 5.50223 -15.4052 -7.06659 4.4903 -16.6307 25.9303 13.6488 28.037 26.6669 -0.00302982 -18.4683 13.9465 29.0798 -20.9034 18.762 7.19153 -4.60861 -30.1366 24.3715 -35.4683 9.36859 12.9619 -4.70642 53.0062 34.2542 -2.3972 -23.8269 2.35792 32.9747 15.5564 -14.2612 16.3671 -8.33702 1.62938 28.603 -22.7308 66.4572 -16.1692 14.2159 -20.9807 -1.82091 36.683 53.3806 21.5562 -46.6701 
-3.23691 1.94101 -1.89905 22.835 28.6859 4.34361 16.2667 -15.1041 -25.4322 8.95345 -7.72319 -1.01754 2.88885 -18.5081 -2.58771 -1.75491 -16.445 25.0867 35.3452 -8.24777 4.06436 11.1237 21.5664 -33.1628 13.2901 7.43616 -30.8753 -8.11823 2.30385 -16.6689 -8.5241 14.5942 32.9747 -8.09981 -35.9102 27.7305 -0.495202 2.06428 -25.6216 -3.45083 34.7693 12.8531 -31.2788 -24.3169 -25.491 -52.4225 -11.252 28.8318 16.6868 0.155556 
-10.2407 -13.1061 15.8869 17.9961 13.1873 -1.00774 21.2935 -7.16046 1.83722 7.73697 -5.40646 -4.41145 -0.870057 0.268062 -10.951 -20.9856 8.08409 3.60142 38.9274 32.7854 2.55075 -20.9581 15.0319 35.8156 28.5213 0.321489 -13.0744 30.6329 20.3789 -41.1142 -6.73093 2.18041 15.5564 -35.9102 -10.9092 -4.21142 -29.2514 19.5275 -14.1907 -23.5846 20.8457 -22.6825 -44.9097 0.742014 -33.9811 -14.5627 -23.353 10.7878 14.9907 1.02321 
36.7508 4.54873 -0.588038 -4.49403 28.9319 1.25732 2.9833 -3.30103 10.3163 -7.80564 10.0496 -0.237571 9.96006 2.78767 -30.6614 -57.3672 36.1114 -16.1994 -16.0365 34.5828 27.6192 -7.63226 39.5335 14.1231 -40.6455 29.7686 -21.7577 16.4489 23.2841 -24.5977 7.62648 -30.9452 -14.2612 27.7305 -4.21142 -3.46706 -4.34553 5.85889 15.8512 7.21185 -43.4218 27.7444 30.3945 -18.0255 -8.51238 18.1515 -10.9147 8.28725 13.8952 29.2431 
-7.63141 5.34004 18.3789 27.2077 7.49198 -6.34357 -2.13926 3.84649 -3.37731 8.33342 -9.35399 -26.2654 7.69484 -16.4315 -31.3099 -35.8289 -14.3852 -17.7075 1.18428 -20.9186 60.3614 -41.165 -27.3262 26.7491 -4.53027 15.767 32.1467 -7.22133 -41.8718 -67.4231 -30.4833 1.33917 16.3671 -0.495202 -29.2514 -4.34553 18.8503 -3.67703 -38.9405 0.826777 -11.3635 24.865 67.3437 28.0666 16.5295 -1.85756 -27.2848 44.196 18.0168 -40.5235 
2.74595 -0.0180557 -22.0931 -1.66786 11.1075 20.4142 -21.7142 1.67403 -18.1052 -12.6783 35.5995 1.42466 -4.63856 -5.481 -21.7648 -22.106 -2.91452 -7.57872 -36.8562 11.7181 11.5293 40.3572 -64.1214 -2.45429 29.8534 39.909 31.7711 8.40066 -20.9591 7.51037 5.59009 23.1272 -8.33702 2.06428 19.5275 5.85889 -3.67703 -21.9379 38.1856 -36.5495 27.6152 11.5178 -5.30297 -24.4196 -7.77155 -5.41591 7.88899 35.699 -13.9082 -29.7029 
18.6431 4.97528 -14.401 -1.67344 8.46569 -7.18673 8.95993 20.463 -24.6245 -4.18555 -2.77923 -14.732 -8.60445 -26.3657 -14.9778 14.9496 -19.9621 47.5058 33.04 29.3406 84.2734 61.2279 -41.0536 38.86 -19.0925 0.47255 29.8248 28.8312 -14.1401 -6.50576 -33.9531 2.18741 1.62938 -25.6216 -14.1907 15.8512 -38.9405 38.1856 -18.7999 -52.5195 31.8843 -22.4206 46.7543 -15.446 11.6175 -23.1532 9.07911 -12.5975 7.89841 0.573754 
6.64624 -11.6727 -11.813 -18.9331 -30.557 -13.2855 -17.9263 -3.7309 -1.24959 0.500215 14.8031 -4.06488 4.97091 10.9933 28.3344 -19.5624 0.0549096 17.4989 2.25497 -15.8859 24.824 12.4622 -29.2153 50.5309 -13.4101 -17.8891 -10.8404 -1.40852 -6.57341 2.3764 -25.8724 0.0424185 28.603 -3.45083 -23.5846 7.21185 0.826777 -36.5495 -52.5195 -1.24927 44.1021 36.0385 -13.2684 32.0827 0.662972 7.92123 11.3827 -25.6722 -11.98 -62.9143 
50.3868 9.07238 -4.5506 -0.253454 -15.8335 -0.942735 9.76046 15.7204 11.3343 -2.28598 -12.1421 5.59526 5.33436 9.43848 -20.5994 -6.91305 44.2086 -23.8123 1.25713 55.8135 -37.106 50.8344 -39.3787 -27.9578 -34.4148 4.89249 39.1896 -9.04345 15.9459 31.4267 34.2164 -19.4663 -22.7308 34.7693 20.8457 -43.4218 -11.3635 27.6152 31.8843 44.1021 31.0686 -36.7813 3.53264 5.49169 -6.2954 34.3685 40.6826 6.66687 30.2124 -4.24263 
-14.0994 -4.22251 3.95685 17.2325 14.0636 -10.8567 -21.9866 4.49674 -7.50908 1.03144 18.5057 13.431 -22.9525 -1.11787 -10.2469 -23.6804 -4.20943 45.5554 21.909 -32.6257 33.2423 18.7118 -46.5097 46.6675 -53.5956 19.9973 10.4013 -17.5909 2.7658 -8.26884 14.7509 17.2833 66.4572 12.8531 -22.6825 27.7444 24.865 11.5178 -22.4206 36.0385 -36.7813 -20.832 0.213229 -24.5896 -17.3056 35.7733 -60.5597 -3.89866 -37.1828 2.75449 
23.3736 3.66956 2.09362 -12.0752 -4.92247 7.48881 -2.93528 8.21797 7.30237 -2.30769 -1.66949 9.00757 8.82156 8.2228 -1.03488 13.9679 3.29518 27.0304 -7.71504 77.582 66.2759 -9.09312 -46.1669 2.67027 33.0498 30.235 21.9919 5.95524 23.9201 21.4928 -38.4103 1.58775 -16.1692 -31.2788 -44.9097 30.3945 67.3437 -5.30297 46.7543 -13.2684 3.53264 0.213229 46.9164 -39.3949 -9.73432 11.7272 40.0958 -26.8165 39.8579 31.6996 
2.70921 -0.201097 -1.94075 4.30128 0.0995906 -4.92062 2.16151 -7.74919 -16.834 -6.91114 6.38826 15.4514 4.87487 -2.54357 -7.42078 27.7691 -16.6644 81.202 10.8822 -11.5833 61.4707 -20.7857 33.8743 -6.3886 -8.75618 4.85583 -50.4141 13.2768 32.7519 -9.23864 30.7468 1.91663 14.2159 -24.3169 0.742014 -18.0255 28.0666 -24.4196 -15.446 32.0827 5.49169 -24.5896 -39.3949 17.4371 -18.9431 -20.6002 10.3924 -2.2375 -34.0258 -16.2475 
27.3025 2.73208 -20.2554 16.1176 0.113014 -6.6254 7.36289 5.52846 -11.9224 -7.39237 -1.70622 4.29127 -6.99308 4.27614 2.96144 41.215 -6.86818 -9.84032 30.1183 4.76933 -32.8391 -39.2056 8.83354 24.6397 13.2497 13.694 1.0658 36.7156 48.7352 21.0278 -5.9402 -28.9612 -20.9807 -25.491 -33.9811 -8.51238 16.5295 -7.77155 11.6175 0.662972 -6.2954 -17.3056 -9.73432 -18.9431 -11.5016 19.5642 -6.18966 13.3877 -53.2532 5.6438 
-1.42521 -5.62516 -7.58625 13.3611 -8.90769 1.04973 -2.34858 -7.88596 3.0207 8.80233 3.57813 -9.25505 -7.26785 -7.3164 -22.5762 -36.8944 0.406018 -8.5119 8.10981 39.7019 -20.5669 -20.1792 -6.99142 -21.2654 38.3016 0.501544 -1.73124 13.6647 -23.3465 21.6637 -0.0558833 43.8517 -1.82091 -52.4225 -14.5627 18.1515 -1.85756 -5.41591 -23.1532 7.92123 34.3685 35.7733 11.7272 -20.6002 19.5642 -52.9444 -35.9907 -11.92 29.5094 -26.1635 
-24.0631 -3.2728 -6.77614 -5.31182 5.12763 6.2674 -12.7586 0.468725 -0.807744 11.804 -4.59168 1.60659 1.09566 1.944 -1.62838 -1.55188 22.5401 -11.1142 -11.3788 19.6539 3.7402 -33.1066 20.0584 -18.3539 1.7788 -27.6742 14.2855 29.9999 5.63884 6.29703 -7.14791 0.938116 36.683 -11.252 -23.353 -10.9147 -27.2848 7.88899 9.07911 11.3827 40.6826 -60.5597 40.0958 10.3924 -6.18966 -35.9907 -58.4775 -33.0224 -6.38144 40.221 
-13.0277 1.885 -3.93781 11.9436 8.10857 6.55962 2.90976 2.10975 7.20185 0.395344 2.93391 -4.53795 2.79663 -0.201373 -10.2554 38.557 -8.35195 7.48058 34.1212 -6.3836 -12.4143 8.02113 35.1603 21.4562 -16.0108 -4.89004 -42.6208 -0.953913 1.14107 -17.7779 22.0437 3.51271 53.3806 28.8318 10.7878 8.28725 44.196 35.699 -12.5975 -25.6722 6.66687 -3.89866 -26.8165 -2.2375 13.3877 -11.92 -33.0224 26.952 34.0768 2.81748 
-9.66906 9.7974 -13.8167 0.805571 -16.055 -7.29082 8.07524 -8.7819 -1.0672 -10.8745 19.7327 3.18367 -3.78217 -3.89736 37.7614 94.158 17.9125 -5.61297 -21.2654 65.1315 2.49286 -0.684052 0.55958 -15.3126 9.15978 -11.0136 -36.8753 6.70478 -3.1332 -42.0567 21.5655 6.01664 21.5562 16.6868 14.9907 13.8952 18.0168 -13.9082 7.89841 -11.98 30.2124 -37.1828 39.8579 -34.0258 -53.2532 29.5094 -6.38144 34.0768 16.0416 -65.455 
0.737931 -3.10567 3.69173 10.4999 -1.74204 0.888932 -4.60714 -4.40829 -0.464141 3.34485 3.01751 0.370758 0.16879 0 -28.4061 -48.3516 -25.3821 -3.21607 1.22435 21.2111 -15.9602 -9.6589 7.386 56.4655 17.2076 -30.7372 4.2419 -16.8662 -29.7409 14.4021 -2.55914 -18.8546 -46.6701 0.155556 1.02321 29.2431 -40.5235 -29.7029 0.573754 -62.9143 -4.24263 2.75449 31.6996 -16.2475 5.6438 -26.1635 40.221 2.81748 -65.455 7.57509 
