2528.29 81.2723 46.8535 14.5554 8.30736 39.0679 -1.5683 -27.1255 1.88124 15.6619 18.2437 71.9859 28.3316 47.3137 26.4856 74.5309 73.3382 6.85857 -43.0906 58.6057 -17.6167 109.015 20.8631 8.73955 -3.51145 12.4392 -21.9694 -29.3919 -0.582224 -39.3624 -0.087468 -24.5865 -16.5381 12.4896 -21.4935 18.6987 -16.4347 -12.4055 17.7503 23.765 42.9711 -32.8673 16.1002 -9.99159 15.6419 12.2712 -17.5507 -17.3292 -19.0836 2.90157 
81.2723 -249.218 17.5859 18.8722 -5.34745 -5.34988 -4.17646 16.2216 5.64474 -7.23097 -7.05497 8.99636 -3.11885 -9.14338 9.90269 5.68092 18.2312 -18.1398 -8.02815 -6.31412 -22.9615 15.7532 -3.61069 35.5768 -8.58488 -12.3463 2.50058 7.36782 8.315 29.5108 16.1392 2.43316 1.56817 9.44213 -15.2706 -10.107 9.3531 -2.8391 11.9057 -8.54986 9.88823 -2.708 11.2012 -1.07092 -0.501784 -2.77614 -2.4155 2.59202 9.12094 -2.7239 
46.8535 17.5859 -260.328 -20.54 -6.10481 15.7748 25.0367 20.2018 4.32628 -27.088 14.1611 -32.729 -3.94979 6.15312 12.5132 26.9556 -2.9424 4.22365 -20.5102 -6.99041 5.54677 -34.6523 -20.9325 -42.8659 35.0746 -24.8224 -14.6579 -18.6989 -4.83927 2.7421 -8.77342 -16.4049 23.1051 -2.21677 9.46873 5.28438 9.36657 -16.588 -28.7323 -12.2332 6.26487 2.28071 -5.37835 -8.24347 -23.4701 -9.26997 -8.14085 -9.11977 -16.7453 2.75628 
14.5554 18.8722 -20.54 275.119 -42.6794 -6.85382 5.05892 -10.6818 -23.739 41.9416 -0.42578 0.611123 22.5129 -9.88186 17.1624 -9.21668 11.4037 21.6092 -12.4231 -24.9939 -14.3711 8.53306 22.4143 18.2129 1.11738 29.8955 -19.571 -5.22186 -1.70384 -5.73045 0.866815 12.0778 -6.01685 19.0689 23.2362 -5.63926 18.7315 -13.3229 -5.83309 -15.5777 -20.8039 9.47218 -14.9425 8.91285 20.091 10.9447 -6.49059 17.7102 9.40197 9.46368 
8.30736 -5.34745 -6.10481 -42.6794 -228.574 -8.19011 -21.9357 10.6163 4.19787 -9.34167 -12.0452 -11.6022 -12.2871 0.845684 40.5051 22.6919 12.8973 36.8548 -11.2827 -2.58437 -13.0211 9.18163 5.19045 -36.0233 -4.64133 19.1176 10.7524 -20.1371 0.255699 -4.04032 8.31657 -22.322 -14.3779 18.0619 11.7737 40.3007 -16.041 -2.14904 -11.6881 -24.3984 -35.1787 0.56 -19.0342 -1.50534 1.94846 -14.6892 1.70263 9.48684 -7.23725 -4.48845 
39.0679 -5.34988 15.7748 -6.85382 -8.19011 -216.079 -14.2542 -13.6767 22.9741 14.8926 -5.90095 3.97219 10.3799 -27.9902 -6.52899 -36.7333 -12.669 -0.144328 -0.897183 -29.272 4.02034 2.53998 10.6336 12.9776 -6.49615 -18.99 -5.79808 17.4657 11.2766 -15.5439 4.22472 13.8804 4.67473 -0.784148 3.63417 4.95644 -0.0998086 23.1554 -0.13185 -16.8084 -6.51247 -5.61388 14.6526 1.62277 -1.92877 -1.49022 5.47892 11.2367 -1.54927 0.465366 
-1.5683 -4.17646 25.0367 5.05892 -21.9357 -14.2542 -234.741 -6.61849 -31.8388 18.7191 -8.91719 29.9995 11.5972 37.3896 9.61113 -6.28547 7.14227 -6.2868 -43.6795 -9.85938 11.7322 1.16916 73.9821 -43.0017 -18.6259 16.1598 -16.8494 26.1824 -3.61384 -25.5488 -0.241602 -27.7572 -16.8477 16.787 23.2373 -4.2754 -4.2153 -26.8103 9.66487 -17.1732 3.81049 -22.1775 1.38858 4.289 7.8316 -3.77016 -13.7203 5.35353 11.3893 -4.99857 
-27.1255 16.2216 20.2018 -10.6818 10.6163 -13.6767 -6.61849 -273.137 3.24553 4.55744 -13.8094 2.20983 15.0518 0.279178 4.17508 -20.9102 -4.71642 24.9418 -7.3365 18.399 0.18972 -16.6766 -7.48472 -19.0096 27.9975 15.4773 8.028 24.9646 -12.5656 7.79378 -27.735 17.6734 -12.4036 -21.069 -3.00088 0.438886 2.53606 -0.413079 17.5785 -6.80509 5.54499 1.30285 4.47235 -2.35589 11.8021 -12.7119 -1.075 7.04226 -0.528829 -5.44164 
1.88124 5.64474 4.32628 -23.739 4.19787 22.9741 -31.8388 3.24553 280.278 -4.08605 5.27509 -13.286 -8.3411 34.3753 35.8643 12.0881 29.7374 -12.064 -5.57037 25.233 -14.4257 -19.2489 10.2869 -46.7317 -18.7429 -7.82454 -32.9828 14.5496 -11.8322 4.98543 6.41707 -0.285509 4.86808 -20.2383 -3.10684 -7.05605 -12.5182 -28.6316 -23.4201 6.95384 6.53045 -9.79607 14.568 -18.9954 -16.2055 4.62603 -1.52 9.26804 3.17969 -1.53281 
15.6619 -7.23097 -27.088 41.9416 -9.34167 14.8926 18.7191 4.55744 -4.08605 262.865 16.7906 -29.6261 1.72862 -11.2494 -1.26687 3.79644 -16.618 21.6561 0.777066 11.3599 4.55899 5.30273 14.198 25.546 11.6501 -0.40001 -12.3826 -28.4819 24.0412 14.6962 -8.8666 -24.085 -22.2758 3.54962 7.88599 5.51572 1.41066 -9.7149 -15.8154 -2.01648 -2.13075 -2.71392 -12.237 -7.79436 -5.05108 5.53788 10.2489 -1.17785 -9.72464 2.40955 
18.2437 -7.05497 14.1611 -0.42578 -12.0452 -5.90095 -8.91719 -13.8094 5.27509 16.7906 -233.172 14.0704 -42.3404 -1.3322 -19.0128 18.9072 26.3228 -2.25861 -1.4867 -20.6419 -64.8224 -6.00626 -41.6517 34.1799 -37.7992 -10.9916 4.65419 19.3121 -3.63836 -16.0155 9.95612 0.041423 27.4476 -2.45203 -4.46031 5.45256 -5.26058 27.2223 8.31706 23.1506 -19.901 13.4918 -1.68336 3.66706 -5.11371 12.8537 0.937031 2.58593 11.7978 6.0206 
71.9859 8.99636 -32.729 0.611123 -11.6022 3.97219 29.9995 2.20983 -13.286 -29.6261 14.0704 235.391 -10.1954 3.56864 1.19886 18.3125 41.048 7.37323 -38.0857 -16.1589 -10.861 -31.7056 4.95521 -16.3555 -26.3166 8.95267 30.2155 10.1239 -42.0451 -29.9298 -11.7298 -11.2906 11.1736 3.46914 -4.09254 -9.27625 -31.8754 -12.4575 -8.29819 6.23301 -9.81522 4.51881 9.00636 13.4936 1.2831 -0.625995 6.71243 -2.52147 0.486918 2.41393 
28.3316 -3.11885 -3.94979 22.5129 -12.2871 10.3799 11.5972 15.0518 -8.3411 1.72862 -42.3404 -10.1954 217.011 -2.83478 35.7511 -8.57976 -6.88206 5.43634 -3.40095 -2.02938 24.0874 26.3264 3.53024 8.17781 -8.67369 21.1013 -8.31653 33.1377 9.98066 -6.71841 0.520582 18.7705 23.7492 -3.62926 -2.51661 10.0556 -4.57985 -8.87617 -18.4158 4.41505 -0.674205 -22.5914 10.1577 7.55437 -4.35426 -16.3906 -4.6866 5.52868 7.13175 -3.09828 
47.3137 -9.14338 6.15312 -9.88186 0.845684 -27.9902 37.3896 0.279178 34.3753 -11.2494 -1.3322 3.56864 -2.83478 199.01 -11.4136 -13.7811 21.4555 16.6721 2.59561 -20.5348 -2.96236 33.8525 -16.8334 31.0137 -9.20246 -5.19075 -15.5466 -2.26077 -28.4942 28.5397 10.6684 28.481 18.9134 -21.998 5.63258 3.41723 -20.4371 -16.5901 -20.2329 16.3345 -9.49397 -7.44055 8.83511 1.24355 7.05689 -2.48803 5.99491 5.25503 -1.96092 1.67212 
26.4856 9.90269 12.5132 17.1624 40.5051 -6.52899 9.61113 4.17508 35.8643 -1.26687 -19.0128 1.19886 35.7511 -11.4136 -200.663 -22.3549 -1.94523 15.7466 -19.3606 -14.4215 -6.30863 10.5576 -1.28141 56.9685 -10.961 13.9576 -6.8624 -15.4536 -11.0843 -6.65583 -11.2022 7.66098 -11.4434 -22.0527 -5.95689 12.7008 -19.8318 7.76005 -0.409436 0.936684 -6.88258 5.37699 -0.0824037 9.66122 19.3809 -12.9935 6.8172 -3.34984 1.05995 -0.457266 
74.5309 5.68092 26.9556 -9.21668 22.6919 -36.7333 -6.28547 -20.9102 12.0881 3.79644 18.9072 18.3125 -8.57976 -13.7811 -22.3549 196.471 31.4306 10.0425 32.456 14.532 -19.8996 4.55572 -19.5596 -6.01223 1.25111 36.8089 -28.023 -3.83948 17.8088 -22.165 -3.11766 -29.187 19.1765 -14.6297 -21.4249 14.4581 19.3989 -11.4004 -2.30501 1.21366 -10.8951 -26.4922 -8.7767 -9.99214 -10.651 8.77584 -4.62804 10.3449 1.6767 1.47093 
73.3382 18.2312 -2.9424 11.4037 12.8973 -12.669 7.14227 -4.71642 29.7374 -16.618 26.3228 41.048 -6.88206 21.4555 -1.94523 31.4306 -172.406 -13.2792 -24.2276 5.80172 -1.55466 -0.244846 -14.8898 -18.9812 3.32771 -24.7231 57.2303 -22.0473 15.3381 11.317 26.146 8.83997 -17.7596 34.4818 23.9588 -11.4437 4.60698 23.5502 12.1963 16.355 -9.89969 5.48341 -2.40602 1.83211 -6.74794 6.9803 1.25758 -0.83792 1.92079 0.148827 
6.85857 -18.1398 4.22365 21.6092 36.8548 -0.144328 -6.2868 24.9418 -12.064 21.6561 -2.25861 7.37323 5.43634 16.6721 15.7466 10.0425 -13.2792 169.225 -8.52765 28.4403 11.3954 38.6615 -47.598 0.37384 -2.75457 26.8944 19.348 -24.2254 -5.79437 10.2198 -31.2999 -4.07959 -8.70656 -22.6333 -10.2778 31.3092 -5.24652 14.3822 5.97142 17.3153 -22.7476 4.68782 1.21706 7.59089 8.5296 -3.00714 4.12882 -3.53162 -0.810036 0 
-43.0906 -8.02815 -20.5102 -12.4231 -11.2827 -0.897183 -43.6795 -7.3365 -5.57037 0.777066 -1.4867 -38.0857 -3.40095 2.59561 -19.3606 32.456 -24.2276 -8.52765 -55.3067 -3.1842 8.08331 0 -3.36511 -12.0208 -3.7079 11.4794 -48.1287 -34.7127 10.058 18.1192 22.9081 13.4629 -18.1051 27.2654 -5.45089 -29.4802 -26.2531 -8.02491 22.9208 -5.33338 31.4572 29.0174 -37.3525 15.0442 17.0318 -36.8106 -21.2153 33.0082 -3.57093 -40.1179 
58.6057 -6.31412 -6.99041 -24.9939 -2.58437 -29.272 -9.85938 18.399 25.233 11.3599 -20.6419 -16.1589 -2.02938 -20.5348 -14.4215 14.532 5.80172 28.4403 -3.1842 46.7035 8.67391 -5.25096 19.9849 -28.8479 -20.633 6.47338 -10.5397 -3.36541 6.43215 25.998 7.17791 1.45003 29.8942 -1.1481 38.252 37.9555 -21.2451 -0.775209 40.9242 -4.16984 48.9546 -12.9177 64.7439 13.9142 1.73373 30.838 22.1566 -0.932843 50.6149 4.48379 
-17.6167 -22.9615 5.54677 -14.3711 -13.0211 4.02034 11.7322 0.18972 -14.4257 4.55899 -64.8224 -10.861 24.0874 -2.96236 -6.30863 -19.8996 -1.55466 11.3954 8.08331 8.67391 22.8189 20.1086 39.9151 -36.6258 -19.3267 -6.38576 3.64352 55.2245 35.8583 -36.1549 36.1591 -6.81869 -10.3907 -7.41555 26.776 41.968 62.3238 7.1523 33.4961 2.99924 11.4584 -8.86371 31.2876 -28.1326 -9.32934 13.5873 14.6381 -10.2408 -2.07706 5.59119 
109.015 15.7532 -34.6523 8.53306 9.18163 2.53998 1.16916 -16.6766 -19.2489 5.30273 -6.00626 -31.7056 26.3264 33.8525 10.5576 4.55572 -0.244846 38.6615 0 -5.25096 20.1086 -10.8558 2.43516 -14.4794 -22.0405 10.9701 -16.8108 10.1048 49.7458 0.0670214 5.55081 31.8433 3.63907 -3.31626 -31.4586 0.43974 -31.0767 50.2303 64.4872 6.91648 29.5796 1.54151 15.3807 0.877699 -37.8071 -31.9665 -28.3105 2.07906 37.0686 -11.3779 
20.8631 -3.61069 -20.9325 22.4143 5.19045 10.6336 73.9821 -7.48472 10.2869 14.198 -41.6517 4.95521 3.53024 -16.8334 -1.28141 -19.5596 -14.8898 -47.598 -3.36511 19.9849 39.9151 2.43516 -15.8348 -20.5191 -6.12089 13.9591 30.2335 -10.3772 -23.8651 14.5653 -23.7996 7.27465 -33.9026 29.0539 29.0191 32.1826 -30.9113 -51.2246 -26.5084 -27.3261 -11.228 -25.2986 -38.8676 10.9656 6.82579 15.2909 5.77267 33.0457 -30.5655 29.297 
8.73955 35.5768 -42.8659 18.2129 -36.0233 12.9776 -43.0017 -19.0096 -46.7317 25.546 34.1799 -16.3555 8.17781 31.0137 56.9685 -6.01223 -18.9812 0.37384 -12.0208 -28.8479 -36.6258 -14.4794 -20.5191 8.86719 15.0188 47.9182 -2.03643 -10.5907 -12.0673 -35.8309 -11.1049 -1.76327 36.8187 -24.4268 19.3325 33.4047 34.4177 19.6838 20.6131 52.658 3.16179 73.1658 -18.3906 -9.44343 -17.2724 -24.9701 -25.4231 -7.06255 -60.6293 45.7031 
-3.51145 -8.58488 35.0746 1.11738 -4.64133 -6.49615 -18.6259 27.9975 -18.7429 11.6501 -37.7992 -26.3166 -8.67369 -9.20246 -10.961 1.25111 3.32771 -2.75457 -3.7079 -20.633 -19.3267 -22.0405 -6.12089 15.0188 -57.1804 -8.84193 -34.6854 -0.579965 36.3534 2.11564 14.4969 18.299 -22.8021 2.00201 34.502 -52.1108 -14.1308 32.0707 -9.20992 -1.5957 -0.19001 -42.0215 20.6605 -57.3339 36.3418 43.4879 -10.9614 -1.15104 13.162 39.8968 
12.4392 -12.3463 -24.8224 29.8955 19.1176 -18.99 16.1598 15.4773 -7.82454 -0.40001 -10.9916 8.95267 21.1013 -5.19075 13.9576 36.8089 -24.7231 26.8944 11.4794 6.47338 -6.38576 10.9701 13.9591 47.9182 -8.84193 36.2654 23.8504 -22.1878 -26.5308 -13.8568 33.3266 1.38813 -9.5302 17.6166 8.28704 25.4496 19.4222 32.7758 1.62576 -14.5115 -43.9213 5.36157 40.2412 46.0082 2.24065 -3.22797 -21.1234 -19.5344 -11.0202 -29.8771 
-21.9694 2.50058 -14.6579 -19.571 10.7524 -5.79808 -16.8494 8.028 -32.9828 -12.3826 4.65419 30.2155 -8.31653 -15.5466 -6.8624 -28.023 57.2303 19.348 -48.1287 -10.5397 3.64352 -16.8108 30.2335 -2.03643 -34.6854 23.8504 -3.31938 24.1796 50.2478 -23.6426 -22.6766 20.1453 5.57337 -34.9753 -16.2604 -15.8866 16.81 16.0473 -1.24481 -14.8196 21.1585 -30.62 5.99886 -64.1434 9.65059 7.11063 29.1826 -25.3986 -8.2064 -5.27299 
-29.3919 7.36782 -18.6989 -5.22186 -20.1371 17.4657 26.1824 24.9646 14.5496 -28.4819 19.3121 10.1239 33.1377 -2.26077 -15.4536 -3.83948 -22.0473 -24.2254 -34.7127 -3.36541 55.2245 10.1048 -10.3772 -10.5907 -0.579965 -22.1878 24.1796 -17.0101 29.0279 -32.9334 -23.7084 -37.3425 -12.9091 7.42654 33.2695 -14.8178 12.2563 -2.92658 40.6608 0.798816 -28.0724 -23.8699 17.8827 28.6832 11.8198 20.1903 40.9194 -16.6947 -3.68263 -6.63289 
-0.582224 8.315 -4.83927 -1.70384 0.255699 11.2766 -3.61384 -12.5656 -11.8322 24.0412 -3.63836 -42.0451 9.98066 -28.4942 -11.0843 17.8088 15.3381 -5.79437 10.058 6.43215 35.8583 49.7458 -23.8651 -12.0673 36.3534 -26.5308 50.2478 29.0279 -9.22112 -27.2097 25.0708 18.4123 51.3423 -7.96022 21.0165 42.5031 -46.3818 -10.0561 -13.0984 -9.28063 28.2951 3.10125 18.0025 21.6883 57.3903 -16.3122 7.52494 3.70302 -5.59048 -33.9465 
-39.3624 29.5108 2.7421 -5.73045 -4.04032 -15.5439 -25.5488 7.79378 4.98543 14.6962 -16.0155 -29.9298 -6.71841 28.5397 -6.65583 -22.165 11.317 10.2198 18.1192 25.998 -36.1549 0.0670214 14.5653 -35.8309 2.11564 -13.8568 -23.6426 -32.9334 -27.2097 33.0995 0.567397 13.0173 28.2048 -19.5633 -40.5627 -16.399 -70.9247 5.46503 -8.95244 0.809408 22.4003 -19.2366 18.0713 -9.31546 24.6341 26.618 11.5037 -9.92933 -30.57 11.8127 
-0.087468 16.1392 -8.77342 0.866815 8.31657 4.22472 -0.241602 -27.735 6.41707 -8.8666 9.95612 -11.7298 0.520582 10.6684 -11.2022 -3.11766 26.146 -31.2999 22.9081 7.17791 36.1591 5.55081 -23.7996 -11.1049 14.4969 33.3266 -22.6766 -23.7084 25.0708 0.567397 -52.9894 9.55148 -6.96225 2.01075 -9.00398 4.27929 -29.5497 -11.6557 -47.4899 -26.1168 6.66764 -13.0154 -17.7915 38.6336 -20.2928 9.1831 9.04185 18.915 12.5389 6.46789 
-24.5865 2.43316 -16.4049 12.0778 -22.322 13.8804 -27.7572 17.6734 -0.285509 -24.085 0.041423 -11.2906 18.7705 28.481 7.66098 -29.187 8.83997 -4.07959 13.4629 1.45003 -6.81869 31.8433 7.27465 -1.76327 18.299 1.38813 20.1453 -37.3425 18.4123 13.0173 9.55148 -17.1007 -30.6908 17.7351 -4.54861 -13.6898 -10.6513 31.0018 -29.0711 -8.15465 -6.2738 -2.97131 -14.2507 -21.6935 -38.0571 51.9538 1.70927 0.75664 5.97069 -27.7419 
-16.5381 1.56817 23.1051 -6.01685 -14.3779 4.67473 -16.8477 -12.4036 4.86808 -22.2758 27.4476 11.1736 23.7492 18.9134 -11.4434 19.1765 -17.7596 -8.70656 -18.1051 29.8942 -10.3907 3.63907 -33.9026 36.8187 -22.8021 -9.5302 5.57337 -12.9091 51.3423 28.2048 -6.96225 -30.6908 -3.27806 27.431 17.4984 -2.86905 9.75446 -13.241 -14.5793 22.4393 -18.884 54.4097 -26.3618 11.5094 -14.0277 -8.64915 37.2213 56.0574 32.3044 -48.5563 
12.4896 9.44213 -2.21677 19.0689 18.0619 -0.784148 16.787 -21.069 -20.2383 3.54962 -2.45203 3.46914 -3.62926 -21.998 -22.0527 -14.6297 34.4818 -22.6333 27.2654 -1.1481 -7.41555 -3.31626 29.0539 -24.4268 2.00201 17.6166 -34.9753 7.42654 -7.96022 -19.5633 2.01075 17.7351 27.431 -11.5042 -31.4986 25.1666 0.963794 -12.3399 -20.8986 -0.25151 11.8634 -3.31301 -17.3774 -16.4952 -17.5641 -48.3084 -1.73736 38.235 27.7968 4.10132 
-21.4935 -15.2706 9.46873 23.2362 11.7737 3.63417 23.2373 -3.00088 -3.10684 7.88599 -4.46031 -4.09254 -2.51661 5.63258 -5.95689 -21.4249 23.9588 -10.2778 -5.45089 38.252 26.776 -31.4586 29.0191 19.3325 34.502 8.28704 -16.2604 33.2695 21.0165 -40.5627 -9.00398 -4.54861 17.4984 -31.4986 -12.9898 -4.93957 -24.2564 21.4454 -8.17341 -19.6658 13.6764 -23.5358 -32.4042 -0.0881803 -39.4558 -7.14126 -18.48 9.85562 2.97369 4.58311 
18.6987 -10.107 5.28438 -5.63926 40.3007 4.95644 -4.2754 0.438886 -7.05605 5.51572 5.45256 -9.27625 10.0556 3.41723 12.7008 14.4581 -11.4437 31.3092 -29.4802 37.9555 41.968 0.43974 32.1826 33.4047 -52.1108 25.4496 -15.8866 -14.8178 42.5031 -16.399 4.27929 -13.6898 -2.86905 25.1666 -4.93957 6.13206 7.08862 24.6988 27.5911 0.248869 -13.3986 50.9399 12.4759 -17.7048 -11.7803 18.1572 -18.1919 12.154 -5.06519 30.5879 
-16.4347 9.3531 9.36657 18.7315 -16.041 -0.0998086 -4.2153 2.53606 -12.5182 1.41066 -5.26058 -31.8754 -4.57985 -20.4371 -19.8318 19.3989 4.60698 -5.24652 -26.2531 -21.2451 62.3238 -31.0767 -30.9113 34.4177 -14.1308 19.4222 16.81 12.2563 -46.3818 -70.9247 -29.5497 -10.6513 9.75446 0.963794 -24.2564 7.08862 20.8848 -6.94677 -40.287 -3.47615 -15.5915 8.24171 65.0496 16.1093 19.0975 5.09251 -20.8199 36.4772 7.97334 -29.9292 
-12.4055 -2.8391 -16.588 -13.3229 -2.14904 23.1554 -26.8103 -0.413079 -28.6316 -9.7149 27.2223 -12.4575 -8.87617 -16.5901 7.76005 -11.4004 23.5502 14.3822 -8.02491 -0.775209 7.1523 50.2303 -51.2246 19.6838 32.0707 32.7758 16.0473 -2.92658 -10.0561 5.46503 -11.6557 31.0018 -13.241 -12.3399 21.4454 24.6988 -6.94677 -14.0631 25.4407 -46.6826 35.4456 -4.80441 -26.968 -23.3653 0.400372 -3.66596 6.702 44.6938 -4.92338 -26.3747 
17.7503 11.9057 -28.7323 -5.83309 -11.6881 -0.13185 9.66487 17.5785 -23.4201 -15.8154 8.31706 -8.29819 -18.4158 -20.2329 -0.409436 -2.30501 12.1963 5.97142 22.9208 40.9242 33.4961 64.4872 -26.5084 20.6131 -9.20992 1.62576 -1.24481 40.6608 -13.0984 -8.95244 -47.4899 -29.0711 -14.5793 -20.8986 -8.17341 27.5911 -40.287 25.4407 -18.3659 -45.7426 3.63675 -44.1908 44.3682 -27.5932 10.5015 -14.6165 18.5704 -20.3729 4.96872 11.2648 
23.765 -8.54986 -12.2332 -15.5777 -24.3984 -16.8084 -17.1732 -6.80509 6.95384 -2.01648 23.1506 6.23301 4.41505 16.3345 0.936684 1.21366 16.355 17.3153 -5.33338 -4.16984 2.99924 6.91648 -27.3261 52.658 -1.5957 -14.5115 -14.8196 0.798816 -9.28063 0.809408 -26.1168 -8.15465 22.4393 -0.25151 -19.6658 0.248869 -3.47615 -46.6826 -45.7426 5.00355 22.0224 32.3737 -6.34148 36.8193 1.25072 10.4073 14.1422 -19.0334 -4.80049 -61.6615 
42.9711 9.88823 6.26487 -20.8039 -35.1787 -6.51247 3.81049 5.54499 6.53045 -2.13075 -19.901 -9.81522 -0.674205 -9.49397 -6.88258 -10.8951 -9.89969 -22.7476 31.4572 48.9546 11.4584 29.5796 -11.228 3.16179 -0.19001 -43.9213 21.1585 -28.0724 28.2951 22.4003 6.66764 -6.2738 -18.884 11.8634 13.6764 -13.3986 -15.5915 35.4456 3.63675 22.0224 41.7489 -45.9174 -12.7432 10.608 8.61295 25.0469 29.7715 7.35558 48.4188 -1.4831 
-32.8673 -2.708 2.28071 9.47218 0.56 -5.61388 -22.1775 1.30285 -9.79607 -2.71392 13.4918 4.51881 -22.5914 -7.44055 5.37699 -26.4922 5.48341 4.68782 29.0174 -12.9177 -8.86371 1.54151 -25.2986 73.1658 -42.0215 5.36157 -30.62 -23.8699 3.10125 -19.2366 -13.0154 -2.97131 54.4097 -3.31301 -23.5358 50.9399 8.24171 -4.80441 -44.1908 32.3737 -45.9174 -29.103 -14.8633 -29.7886 -13.0239 28.6034 -63.4482 -6.93022 -29.4612 3.22864 
16.1002 11.2012 -5.37835 -14.9425 -19.0342 14.6526 1.38858 4.47235 14.568 -12.237 -1.68336 9.00636 10.1577 8.83511 -0.0824037 -8.7767 -2.40602 1.21706 -37.3525 64.7439 31.2876 15.3807 -38.8676 -18.3906 20.6605 40.2412 5.99886 17.8827 18.0025 18.0713 -17.7915 -14.2507 -26.3618 -17.3774 -32.4042 12.4759 65.0496 -26.968 44.3682 -6.34148 -12.7432 -14.8633 33.0266 -45.6951 -8.17458 9.82273 42.0367 -27.3546 49.1676 32.6813 
-9.99159 -1.07092 -8.24347 8.91285 -1.50534 1.62277 4.289 -2.35589 -18.9954 -7.79436 3.66706 13.4936 7.55437 1.24355 9.66122 -9.99214 1.83211 7.59089 15.0442 13.9142 -28.1326 0.877699 10.9656 -9.44343 -57.3339 46.0082 -64.1434 28.6832 21.6883 -9.31546 38.6336 -21.6935 11.5094 -16.4952 -0.0881803 -17.7048 16.1093 -23.3653 -27.5932 36.8193 10.608 -29.7886 -45.6951 11.214 -24.5454 -16.9166 12.2991 -6.50132 -39.8724 -19.7937 
15.6419 -0.501784 -23.4701 20.091 1.94846 -1.92877 7.8316 11.8021 -16.2055 -5.05108 -5.11371 1.2831 -4.35426 7.05689 19.3809 -10.651 -6.74794 8.5296 17.0318 1.73373 -9.32934 -37.8071 6.82579 -17.2724 36.3418 2.24065 9.65059 11.8198 57.3903 24.6341 -20.2928 -38.0571 -14.0277 -17.5641 -39.4558 -11.7803 19.0975 0.400372 10.5015 1.25072 8.61295 -13.0239 -8.17458 -24.5454 -16.8476 21.5114 -6.16243 8.2021 -56.9997 1.37153 
12.2712 -2.77614 -9.26997 10.9447 -14.6892 -1.49022 -3.77016 -12.7119 4.62603 5.53788 12.8537 -0.625995 -16.3906 -2.48803 -12.9935 8.77584 6.9803 -3.00714 -36.8106 30.838 13.5873 -31.9665 15.2909 -24.9701 43.4879 -3.22797 7.11063 20.1903 -16.3122 26.618 9.1831 51.9538 -8.64915 -48.3084 -7.14126 18.1572 5.09251 -3.66596 -14.6165 10.4073 25.0469 28.6034 9.82273 -16.9166 21.5114 -45.6809 -31.3815 -7.86869 22.9613 -15.0969 
-17.5507 -2.4155 -8.14085 -6.49059 1.70263 5.47892 -13.7203 -1.075 -1.52 10.2489 0.937031 6.71243 -4.6866 5.99491 6.8172 -4.62804 1.25758 4.12882 -21.2153 22.1566 14.6381 -28.3105 5.77267 -25.4231 -10.9614 -21.1234 29.1826 40.9194 7.52494 11.5037 9.04185 1.70927 37.2213 -1.73736 -18.48 -18.1919 -20.8199 6.702 18.5704 14.1422 29.7715 -63.4482 42.0367 12.2991 -6.16243 -31.3815 -54.5628 -30.3931 -9.89217 46.1328 
-17.3292 2.59202 -9.11977 17.7102 9.48684 11.2367 5.35353 7.04226 9.26804 -1.17785 2.58593 -2.52147 5.52868 5.25503 -3.34984 10.3449 -0.83792 -3.53162 33.0082 -0.932843 -10.2408 2.07906 33.0457 -7.06255 -1.15104 -19.5344 -25.3986 -16.6947 3.70302 -9.92933 18.915 0.75664 56.0574 38.235 9.85562 12.154 36.4772 44.6938 -20.3729 -19.0334 7.35558 -6.93022 -27.3546 -6.50132 8.2021 -7.86869 -30.3931 23.9567 27.1336 0.710192 
-19.0836 9.12094 -16.7453 9.40197 -7.23725 -1.54927 11.3893 -0.528829 3.17969 -9.72464 11.7978 0.486918 7.13175 -1.96092 1.05995 1.6767 1.92079 -0.810036 -3.57093 50.6149 -2.07706 37.0686 -30.5655 -60.6293 13.162 -11.0202 -8.2064 -3.68263 -5.59048 -30.57 12.5389 5.97069 32.3044 27.7968 2.97369 -5.06519 7.97334 -4.92338 4.96872 -4.80049 48.4188 -29.4612 49.1676 -39.8724 -56.9997 22.9613 -9.89217 27.1336 17.8867 -72.2761 
2.90157 -2.7239 2.75628 9.46368 -4.48845 0.465366 -4.99857 -5.44164 -1.53281 2.40955 6.0206 2.41393 -3.09828 1.67212 -0.457266 1.47093 0.148827 0 -40.1179 4.48379 5.59119 -11.3779 29.297 45.7031 39.8968 -29.8771 -5.27299 -6.63289 -33.9465 11.8127 6.46789 -27.7419 -48.5563 4.10132 4.58311 30.5879 -29.9292 -26.3747 11.2648 -61.6615 -1.4831 3.22864 32.6813 -19.7937 1.37153 -15.0969 46.1328 0.710192 -72.2761 9.2672 
