2528.29 81.2723 46.8535 14.5554 8.30736 39.0679 -1.5683 -27.1255 1.88124 15.6619 18.2437 71.9859 28.3316 47.3137 26.4856 74.5309 73.3382 6.85857 -20.4512 35.832 -2.81543 43.2544 28.9459 100.856 25.2771 1.81916 -11.4029 -37.5433 21.1215 -21.1454 3.15809 -30.416 -37.467 30.7696 -43.9324 18.9836 0.786457 7.97908 12.4847 34.0485 22.2858 -30.3956 8.8879 5.52601 -4.68006 13.178 -39.4402 -21.5395 -21.716 5.86158 
81.2723 -249.218 17.5859 18.8722 -5.34745 -5.34988 -4.17646 16.2216 5.64474 -7.23097 -7.05497 8.99636 -3.11885 -9.14338 9.90269 5.68092 18.2312 -18.1398 -4.58083 -3.61155 -11.8349 -11.9266 10.9837 29.2687 -14.7002 -23.3845 9.11944 5.82996 8.61527 25.8008 18.0718 1.90995 9.02279 3.3269 -3.84425 0.76848 1.51779 -15.1894 12.6333 -17.1946 15.5885 -6.65783 15.0102 -3.6301 5.41823 -5.2929 0.350629 3.95945 8.29175 -4.90077 
46.8535 17.5859 -260.328 -20.54 -6.10481 15.7748 25.0367 20.2018 4.32628 -27.088 14.1611 -32.729 -3.94979 6.15312 12.5132 26.9556 -2.9424 4.22365 2.56626 -5.25107 -10.7506 9.61886 -16.1835 -51.1745 48.6808 -22.7988 -7.63503 -10.4789 -12.2666 -9.0025 -6.65607 -18.0419 22.0641 -0.404647 7.42814 4.15553 16.1942 -12.5034 -26.5791 -9.92898 -0.435445 2.08971 -7.03631 -5.29223 -29.0896 -9.63041 -9.28607 -9.07108 -14.1956 4.30232 
14.5554 18.8722 -20.54 275.119 -42.6794 -6.85382 5.05892 -10.6818 -23.739 41.9416 -0.42578 0.611123 22.5129 -9.88186 17.1624 -9.21668 11.4037 21.6092 -19.8389 -29.5847 6.62604 8.42373 23.3503 11.3391 -7.63289 25.1359 0.0173492 -18.9614 -6.2779 5.04109 3.94536 10.1864 3.52773 18.2178 27.9435 10.3876 5.52948 -16.4936 -2.67163 -20.0407 -15.6033 -2.36242 -8.36241 14.6482 16.9324 17.13 -2.76732 11.9978 20.294 11.2377 
8.30736 -5.34745 -6.10481 -42.6794 -228.574 -8.19011 -21.9357 10.6163 4.19787 -9.34167 -12.0452 -11.6022 -12.2871 0.845684 40.5051 22.6919 12.8973 36.8548 2.34359 6.26445 9.17706 17.4126 3.79274 -18.2964 8.09815 13.7951 13.1844 -19.2554 17.0692 5.08501 9.17637 -24.1895 -24.4621 24.2528 3.99021 35.1424 -2.73484 11.147 -13.086 -14.2467 -45.7424 5.62646 -23.321 1.18586 -4.2812 -13.0169 -2.7291 7.86051 -6.2732 -1.98477 
39.0679 -5.34988 15.7748 -6.85382 -8.19011 -216.079 -14.2542 -13.6767 22.9741 14.8926 -5.90095 3.97219 10.3799 -27.9902 -6.52899 -36.7333 -12.669 -0.144328 -0.43903 -6.87685 35.0549 -5.26663 9.62081 2.12191 -12.6675 -14.7684 0.880273 -2.34629 -11.1739 2.41588 4.08817 14.9211 17.9281 -2.90023 3.63925 7.33174 -13.7478 20.1081 -1.71169 -16.6891 1.59976 -5.22901 14.059 1.79207 -0.204568 3.02363 8.31685 8.89252 -0.834732 1.02871 
-1.5683 -4.17646 25.0367 5.05892 -21.9357 -14.2542 -234.741 -6.61849 -31.8388 18.7191 -8.91719 29.9995 11.5972 37.3896 9.61113 -6.28547 7.14227 -6.2868 -28.0176 38.3006 48.5334 14.2335 47.3571 -15.6387 -0.594361 35.2659 23.2955 -32.3179 -45.8967 -4.41908 3.02109 -31.4875 -10.4657 16.4072 7.0592 -6.38963 -3.27928 -17.2568 -4.64518 -3.10592 -8.65638 -14.4022 -6.03324 17.9958 -1.60426 0.382226 -30.8203 -0.643634 3.65183 -5.46487 
-27.1255 16.2216 20.2018 -10.6818 10.6163 -13.6767 -6.61849 -273.137 3.24553 4.55744 -13.8094 2.20983 15.0518 0.279178 4.17508 -20.9102 -4.71642 24.9418 2.40253 10.5178 -6.40398 5.22997 15.2055 -16.702 32.1172 15.0297 5.32677 23.7809 -6.70206 -1.68634 -29.0806 18.127 -15.6844 -23.2484 -2.32299 -3.21991 8.99668 -1.19718 16.4717 -6.55887 2.32212 4.67463 3.12977 -3.99902 12.0795 -14.8958 -4.28555 8.07749 -2.71578 -5.34042 
1.88124 5.64474 4.32628 -23.739 4.19787 22.9741 -31.8388 3.24553 280.278 -4.08605 5.27509 -13.286 -8.3411 34.3753 35.8643 12.0881 29.7374 -12.064 -14.2518 35.6514 -18.2021 19.4922 25.1999 -34.6556 -4.95352 -6.248 -19.6909 2.22611 -20.0195 -7.397 9.23132 -4.17736 -4.999 -16.0009 -16.138 -12.9161 9.52494 -16.8916 -28.8412 15.058 -12.1952 -5.80462 9.60604 -11.3746 -26.0984 0.367118 -15.9018 9.33691 -2.87911 -2.0451 
15.6619 -7.23097 -27.088 41.9416 -9.34167 14.8926 18.7191 4.55744 -4.08605 262.865 16.7906 -29.6261 1.72862 -11.2494 -1.26687 3.79644 -16.618 21.6561 -12.05 0.054747 -6.91733 -14.0122 -12.0295 25.945 1.72435 4.96325 -8.87373 -25.3437 14.2352 -5.24257 -5.89225 -25.3371 -6.51109 -10.3799 20.1404 14.6982 -3.58293 -20.9122 -19.6566 -6.87804 1.79121 -3.59324 -9.22871 -9.89803 2.76557 2.46336 11.2649 0.13941 -12.8319 -0.525933 
18.2437 -7.05497 14.1611 -0.42578 -12.0452 -5.90095 -8.91719 -13.8094 5.27509 16.7906 -233.172 14.0704 -42.3404 -1.3322 -19.0128 18.9072 26.3228 -2.25861 -3.14154 -37.8939 -25.6619 0.886813 27.2776 -0.431211 -43.4628 -46.6581 12.752 40.2693 18.9226 -4.2638 11.7407 -0.934208 22.584 9.65875 -3.47827 16.7099 -8.23468 31.6693 19.7812 14.784 -13.3121 -1.75874 6.85405 4.06496 -6.01247 15.1484 11.0023 1.11064 23.6571 7.27276 
71.9859 8.99636 -32.729 0.611123 -11.6022 3.97219 29.9995 2.20983 -13.286 -29.6261 14.0704 235.391 -10.1954 3.56864 1.19886 18.3125 41.048 7.37323 3.39327 -3.76156 -13.4517 28.8111 10.6002 -31.7945 -9.4825 2.50225 55.1909 11.7396 -36.6715 -16.9532 -11.941 -12.2881 -2.97481 17.8092 -13.652 -7.69819 -25.357 3.2368 -2.06606 11.0742 -19.6252 -0.321725 8.01169 19.2631 -11.2187 2.06916 3.55862 -4.9296 7.27751 6.59251 
28.3316 -3.11885 -3.94979 22.5129 -12.2871 10.3799 11.5972 15.0518 -8.3411 1.72862 -42.3404 -10.1954 217.011 -2.83478 35.7511 -8.57976 -6.88206 5.43634 8.6332 10.1668 26.7366 10.2823 9.45993 25.3962 -1.25796 24.6132 -8.20682 22.2492 -6.58884 12.6898 0.699063 18.3875 26.3601 1.10771 -12.3066 4.40322 -4.15406 -0.186171 -20.0692 12.3029 -4.53101 -18.1643 4.39849 10.5498 -10.8364 -12.8662 -8.06055 3.64513 6.39665 -0.898839 
47.3137 -9.14338 6.15312 -9.88186 0.845684 -27.9902 37.3896 0.279178 34.3753 -11.2494 -1.3322 3.56864 -2.83478 199.01 -11.4136 -13.7811 21.4555 16.6721 14.4046 -14.5905 -24.3379 32.1056 -7.1412 32.7045 -11.2569 -14.7987 -17.2396 3.09313 -15.4888 40.578 10.7617 28.4466 12.3841 -12.5915 3.87768 6.75473 -14.551 -3.99139 -9.02985 17.2164 -15.5202 -14.1112 8.75659 2.96854 -5.30736 -0.00374389 6.74904 3.91748 8.36518 7.27419 
26.4856 9.90269 12.5132 17.1624 40.5051 -6.52899 9.61113 4.17508 35.8643 -1.26687 -19.0128 1.19886 35.7511 -11.4136 -200.663 -22.3549 -1.94523 15.7466 -6.41025 -26.6571 -15.6624 17.5807 -4.32778 41.3492 -16.706 3.85141 11.5248 -2.00098 -10.9682 -4.6257 -8.00419 5.89763 -1.43679 -20.6847 1.48546 32.0608 -27.9829 8.0822 6.99564 -6.05725 -3.6992 -6.67782 6.09223 12.0839 15.4129 -9.60181 10.2964 -6.74855 12.0764 2.57334 
74.5309 5.68092 26.9556 -9.21668 22.6919 -36.7333 -6.28547 -20.9102 12.0881 3.79644 18.9072 18.3125 -8.57976 -13.7811 -22.3549 196.471 31.4306 10.0425 9.50064 -9.86908 -2.27386 6.33024 13.1257 -5.39062 -7.98786 24.734 -42.3837 12.9162 37.1793 -22.1057 -2.27099 -30.0064 12.3254 -5.79514 -25.3175 14.1559 20.9319 -6.41987 4.17155 1.74188 -11.1243 -28.5899 -9.96823 -9.98132 -15.2457 10.4879 -1.81542 10.1459 5.81856 3.45199 
73.3382 18.2312 -2.9424 11.4037 12.8973 -12.669 7.14227 -4.71642 29.7374 -16.618 26.3228 41.048 -6.88206 21.4555 -1.94523 31.4306 -172.406 -13.2792 -12.3417 6.32317 3.278 -25.6282 -27.3914 -8.97669 21.5227 -28.1353 51.1584 -5.92743 27.7231 6.99039 24.9023 9.37447 -22.1995 30.5065 23.8379 -15.9775 6.90987 18.5582 5.42964 14.3758 -5.38148 6.71437 0.183242 -0.643041 4.19028 3.53167 2.4872 1.05543 -4.67549 -4.53259 
6.85857 -18.1398 4.22365 21.6092 36.8548 -0.144328 -6.2868 24.9418 -12.064 21.6561 -2.25861 7.37323 5.43634 16.6721 15.7466 10.0425 -13.2792 169.225 1.13774 -1.40503 -19.7125 14.9295 -36.2057 32.2063 21.6915 11.4124 1.25236 22.3819 30.5966 11.4925 -30.775 -6.48205 -25.716 -10.1622 -20.398 28.5264 12.0345 27.7163 9.31335 19.9586 -29.8722 1.48741 2.02872 9.07976 3.76097 -3.51214 2.33148 -3.79673 2.49673 1.72361 
-20.4512 -4.58083 2.56626 -19.8389 2.34359 -0.43903 -28.0176 2.40253 -14.2518 -12.05 -3.14154 3.39327 8.6332 14.4046 -6.41025 9.50064 -12.3417 1.13774 -188.836 -0.514336 -7.49832 -22.6926 2.25593 -21.1582 -27.4776 36.8714 9.44695 -3.85281 13.1378 -12.9475 23.1486 -18.8166 -0.257479 -10.6481 10.3941 -6.14447 11.2015 -27.4978 6.0522 -3.61626 11.1642 -2.11413 -9.43996 -5.4181 10.1602 2.32356 4.02787 3.07778 0.638494 -3.41892 
35.832 -3.61155 -5.25107 -29.5847 6.26445 -6.87685 38.3006 10.5178 35.6514 0.054747 -37.8939 -3.76156 10.1668 -14.5905 -26.6571 -9.86908 6.32317 -1.40503 -0.514336 224.271 17.0899 -13.544 -1.55311 9.16347 52.7014 -3.8634 -4.60294 -4.42986 19.2112 9.3164 12.637 -7.19103 -25.9835 -5.72708 -12.396 -41.6634 9.99117 15.0365 16.8302 4.20323 25.4239 -10.9065 21.1641 -12.7236 -11.0031 -5.31279 -0.608183 8.71338 -6.73801 -1.45351 
-2.81543 -11.8349 -10.7506 6.62604 9.17706 35.0549 48.5334 -6.40398 -18.2021 -6.91733 -25.6619 -13.4517 26.7366 -24.3379 -15.6624 -2.27386 3.278 -19.7125 -7.49832 17.0899 149.956 -3.69874 -24.0681 8.58611 35.2269 25.512 27.2898 40.5893 -19.5979 -25.1827 -11.6165 -7.03366 1.95532 8.07836 -11.1557 -2.75454 5.74552 9.59899 13.1095 -8.50202 1.08917 -4.7676 -1.89261 0.931062 -1.6062 -0.535969 -2.71672 0.429442 1.47695 -0.52743 
43.2544 -11.9266 9.61886 8.42373 17.4126 -5.26663 14.2335 5.22997 19.4922 -14.0122 0.886813 28.8111 10.2823 32.1056 17.5807 6.33024 -25.6282 14.9295 -22.6926 -13.544 -3.69874 -142.63 -3.58056 -13.1063 -27.1252 -6.21525 19.6888 -7.43472 41.8821 -10.3343 -0.452541 -32.4234 20.5812 -19.3743 -6.53541 -25.1129 8.97434 6.65273 10.7597 1.63874 6.09743 -7.93715 -3.30763 -3.06041 12.6597 -8.86082 -3.04504 -5.31061 10.5877 0 
28.9459 10.9837 -16.1835 23.3503 3.79274 9.62081 47.3571 15.2055 25.1999 -12.0295 27.2776 10.6002 9.45993 -7.1412 -4.32778 13.1257 -27.3914 -36.2057 2.25593 -1.55311 -24.0681 -3.58056 -73.1059 10.9502 15.7698 -7.54308 17.6675 3.97503 -0.868298 0 -36.2768 -13.6888 -22.5236 26.5982 31.7006 -9.98887 -45.6881 -16.1038 -3.4102 -16.5898 -41.2521 -28.3673 -11.618 44.1659 15.5174 9.49127 7.62977 14.0727 2.8405 5.74186 
100.856 29.2687 -51.1745 11.3391 -18.2964 2.12191 -15.6387 -16.702 -34.6556 25.945 -0.431211 -31.7945 25.3962 32.7045 41.3492 -5.39062 -8.97669 32.2063 -21.1582 9.16347 8.58611 -13.1063 10.9502 -23.2069 -8.42512 34.9148 0.910372 15.0838 19.6913 -14.5997 0.332586 14.9015 36.0953 -12.3679 -0.293746 41.1619 15.7744 53.437 61.7488 40.8117 28.3778 38.589 24.1365 1.48967 -38.4615 -19.0971 -26.589 -7.50148 -6.17719 30.8723 
25.2771 -14.7002 48.6808 -7.63289 8.09815 -12.6675 -0.594361 32.1172 -4.95352 1.72435 -43.4628 -9.4825 -1.25796 -11.2569 -16.706 -7.98786 21.5227 21.6915 -27.4776 52.7014 35.2269 -27.1252 15.7698 -8.42512 -64.7219 -23.4757 -12.2111 13.0531 12.3893 -2.27333 20.416 9.7361 9.91407 -23.2668 20.0842 -30.7506 -8.45495 31.5796 -12.1922 -9.72474 7.66795 -59.5871 57.9939 -52.6008 22.0979 55.2564 -4.9076 -23.1954 28.165 23.3127 
1.81916 -23.3845 -22.7988 25.1359 13.7951 -14.7684 35.2659 15.0297 -6.248 4.96325 -46.6581 2.50225 24.6132 -14.7987 3.85141 24.734 -28.1353 11.4124 36.8714 -3.8634 25.512 -6.21525 -7.54308 34.9148 -23.4757 37.4479 20.5475 -3.87736 -3.58642 -11.9397 34.6363 4.07718 -35.7125 27.4874 26.8472 27.7965 27.2029 17.307 3.9622 -17.8492 -32.4499 -2.06503 29.1438 27.5887 10.2212 10.6093 -6.1015 -4.55223 -18.8932 -17.1481 
-11.4029 9.11944 -7.63503 0.0173492 13.1844 0.880273 23.2955 5.32677 -19.6909 -8.87373 12.752 55.1909 -8.20682 -17.2396 11.5248 -42.3837 51.1584 1.25236 9.44695 -4.60294 27.2898 19.6888 17.6675 0.910372 -12.2111 20.5475 42.7451 17.4312 3.73101 -15.5008 -42.7921 3.25946 14.4194 -31.9115 -13.6255 7.44313 21.9961 0.0428224 -28.766 -6.54972 -9.86823 -28.8483 -1.23817 -44.2317 -9.03699 29.6968 34.7653 -34.9055 -24.3405 26.4632 
-37.5433 5.82996 -10.4789 -18.9614 -19.2554 -2.34629 -32.3179 23.7809 2.22611 -25.3437 40.2693 11.7396 22.2492 3.09313 -2.00098 12.9162 -5.92743 22.3819 -3.85281 -4.42986 40.5893 -7.43472 3.97503 15.0838 13.0531 -3.87736 17.4312 -14.1812 4.89562 -27.0008 3.84511 -36.1319 31.0897 -12.5007 4.39614 -6.94765 36.3336 29.1722 46.2666 20.1465 0.28092 7.17446 54.8399 24.7864 4.07913 12.5344 33.3799 -44.4697 6.6974 -25.1388 
21.1215 8.61527 -12.2666 -6.2779 17.0692 -11.1739 -45.8967 -6.70206 -20.0195 14.2352 18.9226 -36.6715 -6.58884 -15.4888 -10.9682 37.1793 27.7231 30.5966 13.1378 19.2112 -19.5979 41.8821 -0.868298 19.6913 12.3893 -3.58642 3.73101 4.89562 6.57674 5.67338 26.1648 39.7456 41.4839 -1.93655 -23.3969 -3.58114 -51.1968 35.1935 0.59313 -10.8358 29.3996 10.1573 14.7576 10.8309 28.254 -32.8841 -26.3553 -0.538012 22.89 -48.6176 
-21.1454 25.8008 -9.0025 5.04109 5.08501 2.41588 -4.41908 -1.68634 -7.397 -5.24257 -4.2638 -16.9532 12.6898 40.578 -4.6257 -22.1057 6.99039 11.4925 -12.9475 9.3164 -25.1827 -10.3343 0 -14.5997 -2.27333 -11.9397 -15.5008 -27.0008 5.67338 4.36098 -1.91525 12.2411 0.147713 -13.1184 -60.6314 -26.5403 -46.9722 17.089 4.48275 -9.59792 -1.22249 -22.3679 1.37096 -9.59887 9.57378 -9.46096 -3.09191 -9.30901 -28.335 -14.365 
3.15809 18.0718 -6.65607 3.94536 9.17637 4.08817 3.02109 -29.0806 9.23132 -5.89225 11.7407 -11.941 0.699063 10.7617 -8.00419 -2.27099 24.9023 -30.775 23.1486 12.637 -11.6165 -0.452541 -36.2768 0.332586 20.416 34.6363 -42.7921 3.84511 26.1648 -1.91525 -51.7822 7.80446 -0.0179587 0.920574 -8.21102 11.9834 -27.0578 -8.19391 -49.9802 -19.4522 -4.87843 -5.09153 -19.1926 43.0073 -21.4384 6.66005 9.65056 21.1534 7.65695 7.51734 
-30.416 1.90995 -18.0419 10.1864 -24.1895 14.9211 -31.4875 18.127 -4.17736 -25.3371 -0.934208 -12.2881 18.3875 28.4466 5.89763 -30.0064 9.37447 -6.48205 -18.8166 -7.19103 -7.03366 -32.4234 -13.6888 14.9015 9.7361 4.07718 3.25946 -36.1319 39.7456 12.2411 7.80446 -15.5705 -30.6018 11.3149 3.53922 -11.4755 -17.7907 19.5597 -30.349 -16.8259 4.80702 -8.20412 -13.4185 -28.999 -25.4077 47.5719 7.25841 4.68489 -0.64784 -32.3139 
-37.467 9.02279 22.0641 3.52773 -24.4621 17.9281 -10.4657 -15.6844 -4.999 -6.51109 22.584 -2.97481 26.3601 12.3841 -1.43679 12.3254 -22.1995 -25.716 -0.257479 -25.9835 1.95532 20.5812 -22.5236 36.0953 9.91407 -35.7125 14.4194 31.0897 41.4839 0.147713 -0.0179587 -30.6018 11.0216 19.0757 33.9728 8.93797 11.8436 -16.0046 -24.7436 32.6625 -23.7327 55.2184 -25.1048 11.9645 9.54589 -3.69638 39.1924 44.7692 7.74162 -29.1646 
30.7696 3.3269 -0.404647 18.2178 24.2528 -2.90023 16.4072 -23.2484 -16.0009 -10.3799 9.65875 17.8092 1.10771 -12.5915 -20.6847 -5.79514 30.5065 -10.1622 -10.6481 -5.72708 8.07836 -19.3743 26.5982 -12.3679 -23.2668 27.4874 -31.9115 -12.5007 -1.93655 -13.1184 0.920574 11.3149 19.0757 -4.50711 -38.8092 18.5795 11.0514 -9.17729 -14.4259 -2.48745 6.43469 4.92633 -18.3591 -11.919 -32.2206 -57.2775 2.25474 41.309 48.6955 -16.979 
-43.9324 -3.84425 7.42814 27.9435 3.99021 3.63925 7.0592 -2.32299 -16.138 20.1404 -3.47827 -13.652 -12.3066 3.87768 1.48546 -25.3175 23.8379 -20.398 10.3941 -12.396 -11.1557 -6.53541 31.7006 -0.293746 20.0842 26.8472 -13.6255 4.39614 -23.3969 -60.6314 -8.21102 3.53922 33.9728 -38.8092 -10.1153 -9.87616 -26.4183 19.6476 -18.6164 -10.9613 12.5562 -14.3827 -39.3948 -15.3617 -20.1348 -8.65394 -22.5301 9.54307 -22.0641 27.8803 
18.9836 0.76848 4.15553 10.3876 35.1424 7.33174 -6.38963 -3.21991 -12.9161 14.6982 16.7099 -7.69819 4.40322 6.75473 32.0608 14.1559 -15.9775 28.5264 -6.14447 -41.6634 -2.75454 -25.1129 -9.98887 41.1619 -30.7506 27.7965 7.44313 -6.94765 -3.58114 -26.5403 11.9834 -11.4755 8.93797 18.5795 -9.87616 16.6209 11.6808 22.3807 8.56915 7.83561 -19.5982 53.511 20.8391 -11.561 1.41407 10.5521 -22.9661 -2.95136 -20.0131 38.5657 
0.786457 1.51779 16.1942 5.52948 -2.73484 -13.7478 -3.27928 8.99668 9.52494 -3.58293 -8.23468 -25.357 -4.15406 -14.551 -27.9829 20.9319 6.90987 12.0345 11.2015 9.99117 5.74552 8.97434 -45.6881 15.7744 -8.45495 27.2029 21.9961 36.3336 -51.1968 -46.9722 -27.0578 -17.7907 11.8436 11.0514 -26.4183 11.6808 -3.97041 -5.44303 -25.3478 -11.5354 -3.04904 3.11969 69.9841 21.403 -0.786883 23.0906 -6.58039 41.5682 32.95 -33.7112 
7.97908 -15.1894 -12.5034 -16.4936 11.147 20.1081 -17.2568 -1.19718 -16.8916 -20.9122 31.6693 3.2368 -0.186171 -3.99139 8.0822 -6.41987 18.5582 27.7163 -27.4978 15.0365 9.59899 6.65273 -16.1038 53.437 31.5796 17.307 0.0428224 29.1722 35.1935 17.089 -8.19391 19.5597 -16.0046 -9.17729 19.6476 22.3807 -5.44303 -0.968895 37.6916 -45.9988 22.7168 2.81609 -36.5797 -9.97408 -28.8322 -5.98257 0.418701 37.7235 12.9031 -37.5232 
12.4847 12.6333 -26.5791 -2.67163 -13.086 -1.71169 -4.64518 16.4717 -28.8412 -19.6566 19.7812 -2.06606 -20.0692 -9.02985 6.99564 4.17155 5.42964 9.31335 6.0522 16.8302 13.1095 10.7597 -3.4102 61.7488 -12.1922 3.9622 -28.766 46.2666 0.59313 4.48275 -49.9802 -30.349 -24.7436 -14.4259 -18.6164 8.56915 -25.3478 37.6916 -20.8445 -33.6099 -9.26273 -25.5341 29.486 -30.3043 -3.19077 -17.2918 2.62867 -21.2813 -0.625023 13.1606 
34.0485 -17.1946 -9.92898 -20.0407 -14.2467 -16.6891 -3.10592 -6.55887 15.058 -6.87804 14.784 11.0742 12.3029 17.2164 -6.05725 1.74188 14.3758 19.9586 -3.61626 4.20323 -8.50202 1.63874 -16.5898 40.8117 -9.72474 -17.8492 -6.54972 20.1465 -10.8358 -9.59792 -19.4522 -16.8259 32.6625 -2.48745 -10.9613 7.83561 -11.5354 -45.9988 -33.6099 1.05045 20.0681 25.1225 -4.65533 39.2173 -7.53157 10.121 19.1436 -19.5842 6.95397 -62.7198 
22.2858 15.5885 -0.435445 -15.6033 -45.7424 1.59976 -8.65638 2.32212 -12.1952 1.79121 -13.3121 -19.6252 -4.53101 -15.5202 -3.6992 -11.1243 -5.38148 -29.8722 11.1642 25.4239 1.08917 6.09743 -41.2521 28.3778 7.66795 -32.4499 -9.86823 0.28092 29.3996 -1.22249 -4.87843 4.80702 -23.7327 6.43469 12.5562 -19.5982 -3.04904 22.7168 -9.26273 20.0681 41.1082 -31.5237 -18.259 0.608956 23.09 16.5596 17.0945 14.7564 21.1177 -4.67294 
-30.3956 -6.65783 2.08971 -2.36242 5.62646 -5.22901 -14.4022 4.67463 -5.80462 -3.59324 -1.75874 -0.321725 -18.1643 -14.1112 -6.67782 -28.5899 6.71437 1.48741 -2.11413 -10.9065 -4.7676 -7.93715 -28.3673 38.589 -59.5871 -2.06503 -28.8483 7.17446 10.1573 -22.3679 -5.09153 -8.20412 55.2184 4.92633 -14.3827 53.511 3.11969 2.81609 -25.5341 25.1225 -31.5237 -41.3069 -13.2517 -37.2761 -10.445 34.3843 -45.8273 0.2861 -16.3692 10.9511 
8.8879 15.0102 -7.03631 -8.36241 -23.321 14.059 -6.03324 3.12977 9.60604 -9.22871 6.85405 8.01169 4.39849 8.75659 6.09223 -9.96823 0.183242 2.02872 -9.43996 21.1641 -1.89261 -3.30763 -11.618 24.1365 57.9939 29.1438 -1.23817 54.8399 14.7576 1.37096 -19.1926 -13.4185 -25.1048 -18.3591 -39.3948 20.8391 69.9841 -36.5797 29.486 -4.65533 -18.259 -13.2517 33.8457 -40.8002 -7.69427 8.91421 27.0344 -30.6651 31.7066 26.0838 
5.52601 -3.6301 -5.29223 14.6482 1.18586 1.79207 17.9958 -3.99902 -11.3746 -9.89803 4.06496 19.2631 10.5498 2.96854 12.0839 -9.98132 -0.643041 9.07976 -5.4181 -12.7236 0.931062 -3.06041 44.1659 1.48967 -52.6008 27.5887 -44.2317 24.7864 10.8309 -9.59887 43.0073 -28.999 11.9645 -11.919 -15.3617 -11.561 21.403 -9.97408 -30.3043 39.2173 0.608956 -37.2761 -40.8002 24.9553 -31.8166 -19.7103 9.14547 -13.3129 -28.7821 -25.6091 
-4.68006 5.41823 -29.0896 16.9324 -4.2812 -0.204568 -1.60426 12.0795 -26.0984 2.76557 -6.01247 -11.2187 -10.8364 -5.30736 15.4129 -15.2457 4.19028 3.76097 10.1602 -11.0031 -1.6062 12.6597 15.5174 -38.4615 22.0979 10.2212 -9.03699 4.07913 28.254 9.57378 -21.4384 -25.4077 9.54589 -32.2206 -20.1348 1.41407 -0.786883 -28.8322 -3.19077 -7.53157 23.09 -10.445 -7.69427 -31.8166 5.10664 18.9175 -2.14345 15.336 -74.393 4.12403 
13.178 -5.2929 -9.63041 17.13 -13.0169 3.02363 0.382226 -14.8958 0.367118 2.46336 15.1484 2.06916 -12.8662 -0.00374389 -9.60181 10.4879 3.53167 -3.51214 2.32356 -5.31279 -0.535969 -8.86082 9.49127 -19.0971 55.2564 10.6093 29.6968 12.5344 -32.8841 -9.46096 6.66005 47.5719 -3.69638 -57.2775 -8.65394 10.5521 23.0906 -5.98257 -17.2918 10.121 16.5596 34.3843 8.91421 -19.7103 18.9175 -50.7515 -38.7002 -7.46562 20.1065 -19.1033 
-39.4402 0.350629 -9.28607 -2.76732 -2.7291 8.31685 -30.8203 -4.28555 -15.9018 11.2649 11.0023 3.55862 -8.06055 6.74904 10.2964 -1.81542 2.4872 2.33148 4.02787 -0.608183 -2.71672 -3.04504 7.62977 -26.589 -4.9076 -6.1015 34.7653 33.3799 -26.3553 -3.09191 9.65056 7.25841 39.1924 2.25474 -22.5301 -22.9661 -6.58039 0.418701 2.62867 19.1436 17.0945 -45.8273 27.0344 9.14547 -2.14345 -38.7002 -67.8443 -22.9349 -29.0154 41.41 
-21.5395 3.95945 -9.07108 11.9978 7.86051 8.89252 -0.643634 8.07749 9.33691 0.13941 1.11064 -4.9296 3.64513 3.91748 -6.74855 10.1459 1.05543 -3.79673 3.07778 8.71338 0.429442 -5.31061 14.0727 -7.50148 -23.1954 -4.55223 -34.9055 -44.4697 -0.538012 -9.30901 21.1534 4.68489 44.7692 41.309 9.54307 -2.95136 41.5682 37.7235 -21.2813 -19.5842 14.7564 0.2861 -30.6651 -13.3129 15.336 -7.46562 -22.9349 26.9373 25.9589 2.11821 
-21.716 8.29175 -14.1956 20.294 -6.2732 -0.834732 3.65183 -2.71578 -2.87911 -12.8319 23.6571 7.27751 6.39665 8.36518 12.0764 5.81856 -4.67549 2.49673 0.638494 -6.73801 1.47695 10.5877 2.8405 -6.17719 28.165 -18.8932 -24.3405 6.6974 22.89 -28.335 7.65695 -0.64784 7.74162 48.6955 -22.0641 -20.0131 32.95 12.9031 -0.625023 6.95397 21.1177 -16.3692 31.7066 -28.7821 -74.393 20.1065 -29.0154 25.9589 7.51319 -74.2488 
5.86158 -4.90077 4.30232 11.2377 -1.98477 1.02871 -5.46487 -5.34042 -2.0451 -0.525933 7.27276 6.59251 -0.898839 7.27419 2.57334 3.45199 -4.53259 1.72361 -3.41892 -1.45351 -0.52743 0 5.74186 30.8723 23.3127 -17.1481 26.4632 -25.1388 -48.6176 -14.365 7.51734 -32.3139 -29.1646 -16.979 27.8803 38.5657 -33.7112 -37.5232 13.1606 -62.7198 -4.67294 10.9511 26.0838 -25.6091 4.12403 -19.1033 41.41 2.11821 -74.2488 12.4882 
