502.361 42.0215 15.7373 -28.9397 -28.6671 24.7912 17.8409 -5.03807 0 155.284 168.964 113.021 153.587 139.503 119.899 119.186 162.496 163.33 144.005 110.331 101.613 178.662 191.298 123.272 126.774 144.042 124.477 129.665 185.99 161.196 120.917 161.325 99.0825 170.112 164.109 184.436 148.679 138.256 149.739 138.433 184.204 154.762 103.015 116.869 186.321 125.038 121.638 76.9706 163.403 152.88 
42.0215 -44.8493 -18.8103 63.1957 3.04724 19.2577 -2.75348 -13.2537 18.0487 67.9346 32.6046 -10.9211 -29.4892 36.7682 -12.7598 15.3591 -18.177 23.6566 -16.1236 -9.30643 41.1559 -18.0398 41.4303 51.853 -8.42911 -5.12783 20.9881 15.3741 15.7082 16.1441 25.3011 71.0716 -5.64116 30.6884 26.2083 35.6221 17.7914 -28.7667 36.1775 21.3643 65.9587 -14.1925 38.0637 52.4559 9.53875 11.7088 -44.741 8.17797 62.986 38.9261 
15.7373 -18.8103 -3.56441 46.1201 -7.83736 -5.13062 3.21384 -5.20676 -44.7088 51.3687 -44.3578 2.91976 38.5656 -0.0271111 17.0838 -19.0011 53.14 53.0371 -0.194328 39.4106 58.6827 5.35725 -35.1252 1.83609 -18.9601 11.6391 -27.447 67.0876 18.8297 45.8788 41.117 -16.0504 12.8887 15.6818 1.12716 35.2883 -12.6085 52.6114 39.1884 -25.7345 35.099 -20.7236 -3.1996 -3.15328 11.0344 3.08921 -16.5064 -13.7886 -12.1423 8.77419 
-28.9397 63.1957 46.1201 9.46912 -58.0026 -14.8621 -17.8674 -5.73967 60.3339 -34.6391 -27.5305 23.7454 -21.3189 -10.5964 -24.9384 28.9619 33.3163 34.6963 12.0624 -7.71312 -3.89595 1.92835 27.9995 -40.3695 -18.6118 33.5159 -22.4858 -27.8961 17.9904 5.65857 -3.67753 54.4158 6.87241 0.257492 -6.81618 -38.2563 -39.7113 2.29777 -0.133495 -5.87481 10.0271 -33.0801 35.813 -14.1959 -14.2994 51.3772 -20.669 16.1061 -0.928894 14.9383 
-28.6671 3.04724 -7.83736 -58.0026 -38.2251 -1.94155 -15.2382 -39.8633 -10.3258 -16.687 35.2896 -16.2791 -13.2624 8.47301 -22.8224 10.2785 -35.4107 -10.7423 -39.9937 -11.8227 -10.5983 40.9303 6.92981 -12.9372 -25.3051 59.0866 -13.4994 8.17489 5.67683 34.1075 44.508 54.5554 48.5527 -29.9635 -12.7206 25.841 -49.4974 -4.34213 19.0403 51.5305 8.92916 45.8166 3.27682 31.292 31.1886 -34.8055 11.9981 -15.1449 14.6337 -55.2069 
24.7912 19.2577 -5.13062 -14.8621 -1.94155 3.91289 -6.59377 61.5841 7.33892 18.6148 40.224 27.7255 -11.0809 -21.8542 -10.2053 -11.9928 -21.5827 29.8926 5.28049 58.7621 -17.3211 -10.3988 -1.94948 25.7512 1.6364 -3.41336 41.7118 -13.154 -22.6234 49.0574 27.2292 -5.67203 19.614 29.3673 -9.43725 -39.0938 5.41045 25.1837 74.5338 53.7388 12.7131 42.3471 45.9522 49.993 -10.2525 55.8029 3.18995 21.5404 70.8453 22.1065 
17.8409 -2.75348 3.21384 -17.8674 -15.2382 -6.59377 -3.31921 26.2844 20.0053 41.9727 37.4755 31.1421 10.0032 -43.6623 27.5899 53.2352 48.6409 -31.4423 17.2092 40.3256 -1.1755 30.0596 11.164 36.4203 -3.83374 -10.8467 -35.8607 5.17435 -14.4311 12.6572 -38.0078 28.3423 -20.024 -14.0229 8.3961 -11.6777 -44.7812 -14.7113 -36.8215 -8.01761 14.2932 -40.8765 -44.5668 -30.3354 -5.02619 -27.1222 3.70333 -3.54178 46.6165 -47.2888 
-5.03807 -13.2537 -5.20676 -5.73967 -39.8633 61.5841 26.2844 -65.7162 -14.6499 -43.5747 -17.5635 35.1964 -51.8934 -20.6183 -12.8398 9.74043 33.2453 5.62672 -25.9416 -19.5335 -15.8781 8.75204 23.9622 37.4269 -12.3465 37.5504 50.5117 31.3246 5.80172 -13.2034 -23.2802 24.9083 -6.27884 38.3275 -19.743 -22.544 47.1397 -31.6114 52.6648 40.1008 -43.1525 45.4968 -28.4027 39.4187 -50.088 -6.93566 -15.9204 31.4991 37.378 -52.945 
0 18.0487 -44.7088 60.3339 -10.3258 7.33892 20.0053 -14.6499 28.9311 19.5645 19.0899 41.501 0.0559502 10.1867 22.2159 3.42662 27.6592 32.6596 48.8229 -32.655 -12.7374 9.40996 -61.5569 -28.6456 20.909 7.56834 -15.3128 17.8 -17.4322 -53.3197 -39.4682 -49.1344 54.7542 -36.294 -12.0224 8.48166 -21.521 46.57 24.6436 -39.1469 -2.01337 50.4109 2.64272 -31.7312 -8.02869 7.75894 -38.6585 8.42687 -21.2969 -1.81606 
155.284 67.9346 51.3687 -34.6391 -16.687 18.6148 41.9727 -43.5747 19.5645 90 54 67 46 68 29 0 46 88 97 49 90 3 33 63 97 53 92 86 25 52 96 75 88 57 29 36 60 14 21 60 4 28 27 50 48 56 2 94 97 99 
168.964 32.6046 -44.3578 -27.5305 35.2896 40.224 37.4755 -17.5635 19.0899 54 43 39 2 28 3 0 81 47 38 59 51 35 34 39 92 15 27 4 29 49 64 85 29 43 35 77 0 38 71 49 89 67 88 92 95 43 44 29 90 82 
113.021 -10.9211 2.91976 23.7454 -16.2791 27.7255 31.1421 35.1964 41.501 67 39 40 41 69 26 32 61 42 60 17 23 61 81 9 90 25 96 67 77 34 90 26 24 57 14 68 5 58 12 86 0 46 26 94 16 52 78 29 46 90 
153.587 -29.4892 38.5656 -21.3189 -13.2624 -11.0809 10.0032 -51.8934 0.0559502 46 2 41 47 70 51 80 31 93 57 27 12 86 14 55 12 90 12 79 10 69 89 74 55 41 20 33 87 88 38 66 70 84 56 17 6 60 49 37 5 59 
139.503 36.7682 -0.0271111 -10.5964 8.47301 -21.8542 -43.6623 -20.6183 10.1867 68 28 69 70 17 18 45 83 73 58 73 37 89 83 7 78 57 14 71 29 0 59 18 38 25 88 74 33 57 81 93 58 70 99 17 39 69 63 22 94 73 
119.899 -12.7598 17.0838 -24.9384 -22.8224 -10.2053 27.5899 -12.8398 22.2159 29 3 26 51 18 47 31 62 82 90 92 91 57 15 21 57 74 91 47 51 31 21 37 40 54 30 98 25 81 16 16 2 31 39 96 4 38 80 18 21 70 
119.186 15.3591 -19.0011 28.9619 10.2785 -11.9928 53.2352 9.74043 3.42662 0 0 32 80 45 31 62 12 79 77 85 36 4 76 83 7 59 57 44 99 11 27 50 36 60 18 5 63 49 44 11 5 34 91 75 55 14 89 68 93 18 
162.496 -18.177 53.14 33.3163 -35.4107 -21.5827 48.6409 33.2453 27.6592 46 81 61 31 83 62 12 5 82 22 82 17 30 93 74 26 93 86 53 43 74 14 13 79 77 62 75 88 19 10 32 94 17 46 35 37 91 53 43 73 28 
163.33 23.6566 53.0371 34.6963 -10.7423 29.8926 -31.4423 5.62672 32.6596 88 47 42 93 73 82 79 82 25 91 10 18 17 36 63 55 90 58 30 4 71 61 33 85 89 73 4 51 5 50 68 3 85 6 95 39 49 20 67 26 63 
144.005 -16.1236 -0.194328 12.0624 -39.9937 5.28049 17.2092 -25.9416 48.8229 97 38 60 57 58 90 77 22 91 77 96 81 65 60 36 55 70 18 11 42 32 96 79 21 70 84 72 27 34 40 83 72 98 30 63 47 50 30 73 14 59 
110.331 -9.30643 39.4106 -7.71312 -11.8227 58.7621 40.3256 -19.5335 -32.655 49 59 17 27 73 92 85 82 10 96 22 47 24 82 35 32 4 54 43 98 86 40 78 59 62 62 83 41 48 23 24 72 22 54 35 21 57 65 47 71 76 
101.613 41.1559 58.6827 -3.89595 -10.5983 -17.3211 -1.1755 -15.8781 -12.7374 90 51 23 12 37 91 36 17 18 81 47 69 18 1 3 53 33 7 59 28 6 97 20 84 8 34 98 91 76 98 15 52 71 89 59 6 10 16 24 9 39 
178.662 -18.0398 5.35725 1.92835 40.9303 -10.3988 30.0596 8.75204 9.40996 3 35 61 86 89 57 4 30 17 65 24 18 0 78 9 53 81 14 38 89 26 67 47 23 87 31 32 22 81 75 50 79 90 54 50 31 13 57 94 81 81 
191.298 41.4303 -35.1252 27.9995 6.92981 -1.94948 11.164 23.9622 -61.5569 33 34 81 14 83 15 76 93 36 60 82 1 78 3 20 33 82 81 87 15 96 25 4 22 92 51 97 32 34 81 6 15 57 8 95 99 62 97 83 76 54 
123.272 51.853 1.83609 -40.3695 -12.9372 25.7512 36.4203 37.4269 -28.6456 63 39 9 55 7 21 83 74 63 36 35 3 9 20 77 9 87 32 82 21 66 63 60 82 11 85 86 85 30 90 83 14 76 16 20 92 25 28 39 25 90 
126.774 -8.42911 -18.9601 -18.6118 -25.3051 1.6364 -3.83374 -12.3465 20.909 97 92 90 12 78 57 7 26 55 55 32 53 53 33 9 36 60 18 43 37 28 82 21 10 55 88 25 15 70 37 53 8 22 83 50 57 97 27 26 69 71 
144.042 -5.12783 11.6391 33.5159 59.0866 -3.41336 -10.8467 37.5504 7.56834 53 15 25 90 57 74 59 93 90 70 4 33 81 82 87 60 51 49 10 28 39 98 88 10 93 77 90 76 99 52 31 87 77 99 57 66 52 17 41 35 68 
124.477 20.9881 -27.447 -22.4858 -13.4994 41.7118 -35.8607 50.5117 -15.3128 92 27 96 12 14 91 57 86 58 18 54 7 14 81 32 18 49 98 84 95 76 5 66 28 54 28 8 93 78 97 55 72 74 45 0 25 97 83 12 27 82 
129.665 15.3741 67.0876 -27.8961 8.17489 -13.154 5.17435 31.3246 17.8 86 4 67 79 71 47 44 53 30 11 43 59 38 87 82 43 10 84 21 93 34 39 34 21 59 85 57 54 61 62 72 41 16 52 50 62 82 99 17 54 73 
185.99 15.7082 18.8297 17.9904 5.67683 -22.6234 -14.4311 5.80172 -17.4322 25 29 77 10 29 51 99 43 4 42 98 28 89 15 21 37 28 95 93 15 6 51 64 90 63 91 72 37 37 59 28 71 80 87 56 90 41 70 52 65 11 
161.196 16.1441 45.8788 5.65857 34.1075 49.0574 12.6572 -13.2034 -53.3197 52 49 34 69 0 31 11 74 71 32 86 6 26 96 66 28 39 76 34 6 69 17 61 83 51 12 0 6 38 67 64 89 32 54 4 75 79 41 12 38 69 
120.917 25.3011 41.117 -3.67753 44.508 27.2292 -38.0078 -23.2802 -39.4682 96 64 90 89 59 21 27 14 61 96 40 97 67 25 63 82 98 5 39 51 17 36 70 56 44 60 49 14 65 14 26 86 83 39 69 35 52 21 93 90 89 
161.325 71.0716 -16.0504 54.4158 54.5554 -5.67203 28.3423 24.9083 -49.1344 75 85 26 74 18 37 50 13 33 79 78 20 47 4 60 21 88 66 34 64 61 70 9 31 73 64 35 48 95 77 13 33 98 49 55 55 93 68 56 60 33 
99.0825 -5.64116 12.8887 6.87241 48.5527 19.614 -20.024 -6.27884 54.7542 88 29 24 55 38 40 36 79 85 21 59 84 23 22 82 10 10 28 21 90 83 56 31 23 86 71 58 77 40 45 81 61 90 23 50 0 54 75 64 42 24 
170.112 30.6884 15.6818 0.257492 -29.9635 29.3673 -14.0229 38.3275 -36.294 57 43 57 41 25 54 60 77 89 70 62 8 87 92 11 55 93 54 59 63 51 44 73 86 59 19 89 44 69 38 51 76 83 19 33 43 4 56 81 75 66 
164.109 26.2083 1.12716 -6.81618 -12.7206 -9.43725 8.3961 -19.743 -12.0224 29 35 14 20 88 30 18 62 73 84 62 34 31 51 85 88 77 28 85 91 12 60 64 71 19 11 67 12 92 29 2 68 31 2 74 7 18 16 83 77 87 
184.436 35.6221 35.2883 -38.2563 25.841 -39.0938 -11.6777 -22.544 8.48166 36 77 68 33 74 98 5 75 4 72 83 98 32 97 86 25 90 8 57 72 0 49 35 58 89 67 72 73 57 62 25 33 97 96 18 41 53 26 74 80 93 
148.679 17.7914 -12.6085 -39.7113 -49.4974 5.41045 -44.7812 47.1397 -21.521 60 0 5 87 33 25 63 88 51 27 41 91 22 32 85 15 76 93 54 37 6 14 48 77 44 12 73 85 48 5 30 29 59 98 60 62 24 19 80 41 2 
138.256 -28.7667 52.6114 2.29777 -4.34213 25.1837 -14.7113 -31.6114 46.57 14 38 58 88 57 81 49 19 5 34 48 76 81 34 30 70 99 78 61 37 38 65 95 40 69 92 57 48 10 80 26 83 89 40 8 23 38 57 93 31 10 
149.739 36.1775 39.1884 -0.133495 19.0403 74.5338 -36.8215 52.6648 24.6436 21 71 12 38 81 16 44 10 50 40 23 98 75 81 90 37 52 97 62 59 67 14 77 45 38 29 62 5 80 20 5 90 13 91 38 70 21 67 29 71 80 
138.433 21.3643 -25.7345 -5.87481 51.5305 53.7388 -8.01761 40.1008 -39.1469 60 49 86 66 93 16 11 32 68 83 24 15 50 6 83 53 31 55 72 28 64 26 13 81 51 2 25 30 26 5 43 95 99 24 88 54 86 69 32 69 10 
184.204 65.9587 35.099 10.0271 8.92916 12.7131 14.2932 -43.1525 -2.01337 4 89 0 70 58 2 5 94 3 72 72 52 79 15 14 8 87 72 41 71 89 86 33 61 76 68 33 29 83 90 95 73 30 33 63 87 79 94 49 99 51 
154.762 -14.1925 -20.7236 -33.0801 45.8166 42.3471 -40.8765 45.4968 50.4109 28 67 46 84 70 31 34 17 85 98 22 71 90 57 76 22 77 74 16 80 32 83 98 90 83 31 97 59 89 13 99 30 39 64 42 30 86 15 49 15 86 
103.015 38.0637 -3.1996 35.813 3.27682 45.9522 -44.5668 -28.4027 2.64272 27 88 26 56 99 39 91 46 6 30 54 89 54 8 16 83 99 45 52 87 54 39 49 23 19 2 96 98 40 91 24 33 64 81 11 34 33 87 22 87 73 
116.869 52.4559 -3.15328 -14.1959 31.292 49.993 -30.3354 39.4187 -31.7312 50 92 94 17 17 96 75 35 95 63 35 59 50 95 20 50 57 0 50 56 4 69 55 50 33 74 18 60 8 38 88 63 42 11 43 19 42 54 44 24 39 
186.321 9.53875 11.0344 -14.2994 31.1886 -10.2525 -5.02619 -50.088 -8.02869 48 95 16 6 39 4 55 37 39 47 21 6 31 99 92 57 66 25 62 90 75 35 55 0 43 7 41 62 23 70 54 87 30 34 19 59 63 18 53 12 69 
125.038 11.7088 3.08921 51.3772 -34.8055 55.8029 -27.1222 -6.93566 7.75894 56 43 52 60 69 38 14 91 49 50 57 10 13 62 25 97 52 97 82 41 79 52 93 54 4 18 53 24 38 21 86 79 86 33 42 63 5 4 33 99 34 
121.638 -44.741 -16.5064 -20.669 11.9981 3.18995 3.70333 -15.9204 -38.6585 2 44 78 49 63 80 89 53 20 30 65 16 57 97 28 27 17 83 99 70 41 21 68 75 56 16 26 19 57 67 69 94 15 87 54 18 4 19 15 35 87 
76.9706 8.17797 -13.7886 16.1061 -15.1449 21.5404 -3.54178 31.4991 8.42687 94 29 29 37 22 18 68 43 67 73 47 24 94 83 39 26 41 12 17 52 12 93 56 64 81 83 74 80 93 29 32 49 49 22 44 53 33 15 53 69 50 
163.403 62.986 -12.1423 -0.928894 14.6337 70.8453 46.6165 37.378 -21.2969 97 90 46 5 94 21 93 73 26 14 71 9 81 76 25 69 35 27 54 65 38 90 60 42 75 77 80 41 31 71 69 99 15 87 24 12 99 35 69 87 2 
152.88 38.9261 8.77419 14.9383 -55.2069 22.1065 -47.2888 -52.945 -1.81606 99 82 90 59 73 70 18 28 63 59 76 39 81 54 90 71 68 82 73 11 69 89 33 24 66 87 93 2 10 80 10 51 86 73 39 69 34 87 50 2 37 
