2528.29 81.2723 46.8535 14.5554 8.30736 39.0679 -1.5683 -27.1255 1.88124 15.6619 18.2437 71.9859 28.3316 47.3137 26.4856 74.5309 73.3382 6.85857 -20.4512 35.832 -2.81543 43.2544 34.8922 41.9581 19.7625 16.8682 -20.8382 -41.6946 52.3304 -10.0724 -42.7085 20.382 -16.3579 3.38899 -50.1407 15.9215 -14.8391 4.58941 -9.82217 39.1464 27.7748 -62.3762 8.49369 2.2572 -14.6912 23.327 -49.612 -17.5429 -30.1066 17.1654 
81.2723 -249.218 17.5859 18.8722 -5.34745 -5.34988 -4.17646 16.2216 5.64474 -7.23097 -7.05497 8.99636 -3.11885 -9.14338 9.90269 5.68092 18.2312 -18.1398 -4.58083 -3.61155 -11.8349 -11.9266 14.1085 24.8438 -9.59237 -10.7288 -4.38775 19.9141 18.3171 18.316 -16.2155 0.120722 7.49611 7.3271 -11.8203 12.921 -7.65514 -15.4936 10.6678 -23.5387 15.4938 -2.59505 13.4521 3.07095 -3.25223 -8.17757 -0.96854 8.67254 8.26955 -0.00599426 
46.8535 17.5859 -260.328 -20.54 -6.10481 15.7748 25.0367 20.2018 4.32628 -27.088 14.1611 -32.729 -3.94979 6.15312 12.5132 26.9556 -2.9424 4.22365 2.56626 -5.25107 -10.7506 9.61886 -4.25102 -35.1438 25.3823 -14.5409 23.4878 -7.37806 -20.8453 -9.46511 37.376 -11.84 4.30139 4.54603 28.0635 17.1592 31.4017 4.20674 -24.3687 -20.023 -8.66412 -10.9858 11.9858 -19.2873 -27.731 -0.0287042 -11.3071 -12.7096 -8.08806 1.11293 
14.5554 18.8722 -20.54 275.119 -42.6794 -6.85382 5.05892 -10.6818 -23.739 41.9416 -0.42578 0.611123 22.5129 -9.88186 17.1624 -9.21668 11.4037 21.6092 -19.8389 -29.5847 6.62604 8.42373 -12.9976 16.6881 -2.68676 23.3591 -12.5357 -10.9705 -9.99898 11.9469 -17.4014 12.6108 8.10991 17.0714 26.2553 -1.73784 -7.41622 -25.6792 -6.71092 -13.6334 -6.82516 -4.50199 -19.8858 16.8404 15.8884 10.9158 -7.47218 11.6774 13.2467 13.8948 
8.30736 -5.34745 -6.10481 -42.6794 -228.574 -8.19011 -21.9357 10.6163 4.19787 -9.34167 -12.0452 -11.6022 -12.2871 0.845684 40.5051 22.6919 12.8973 36.8548 2.34359 6.26445 9.17706 17.4126 -9.0116 -0.914015 19.1879 27.2888 -21.1626 -20.697 -0.128932 25.0913 21.3005 -17.7123 -22.6882 16.8503 5.05884 24.0729 -6.01807 4.95692 -18.0144 -2.30471 -36.4694 -1.92383 -32.9707 -3.99107 0.269998 -10.4402 -4.41606 2.88289 -14.597 0.127489 
39.0679 -5.34988 15.7748 -6.85382 -8.19011 -216.079 -14.2542 -13.6767 22.9741 14.8926 -5.90095 3.97219 10.3799 -27.9902 -6.52899 -36.7333 -12.669 -0.144328 -0.43903 -6.87685 35.0549 -5.26663 0.985861 1.78571 -16.0476 -2.30392 -2.65749 7.77055 -10.2036 -0.34778 -6.82132 14.4378 11.6798 5.53535 2.31974 13.4828 -16.8292 19.2978 -0.574271 -19.4776 0.572695 3.1502 10.0271 8.20858 0.547017 -0.685808 12.2756 9.99199 -0.0771035 -0.919142 
-1.5683 -4.17646 25.0367 5.05892 -21.9357 -14.2542 -234.741 -6.61849 -31.8388 18.7191 -8.91719 29.9995 11.5972 37.3896 9.61113 -6.28547 7.14227 -6.2868 -28.0176 38.3006 48.5334 14.2335 14.5176 5.46078 12.359 14.7865 -5.81068 -33.0047 -60.9031 10.7217 -12.8485 -17.9263 -19.0147 17.1951 10.8275 -19.4171 -21.1829 -22.118 -14.5342 -6.02023 -5.76357 -29.4344 -9.28909 20.9001 -2.98718 4.72385 -32.0325 1.38765 2.23565 -4.85662 
-27.1255 16.2216 20.2018 -10.6818 10.6163 -13.6767 -6.61849 -273.137 3.24553 4.55744 -13.8094 2.20983 15.0518 0.279178 4.17508 -20.9102 -4.71642 24.9418 2.40253 10.5178 -6.40398 5.22997 8.03488 -31.4085 19.4222 9.90791 4.96886 15.8519 -1.98664 -12.7157 -10.9787 3.70959 -30.2631 -17.5644 15.3223 -17.0661 12.2578 -0.485633 14.5208 -8.88178 -4.37119 -7.36789 8.56113 -3.66279 25.5921 -4.54983 2.84938 6.53739 0.924132 -11.9325 
1.88124 5.64474 4.32628 -23.739 4.19787 22.9741 -31.8388 3.24553 280.278 -4.08605 5.27509 -13.286 -8.3411 34.3753 35.8643 12.0881 29.7374 -12.064 -14.2518 35.6514 -18.2021 19.4922 25.5909 -19.5857 -17.9117 -22.2692 -3.99827 -12.0108 -26.6629 -15.7376 4.85155 -9.8402 -13.7267 -4.93561 4.79419 -6.56121 10.8473 -16.4452 -30.5324 4.52152 -25.3007 2.52591 17.1215 -5.83198 -21.5083 8.24496 -2.8765 11.209 4.53149 -7.64722 
15.6619 -7.23097 -27.088 41.9416 -9.34167 14.8926 18.7191 4.55744 -4.08605 262.865 16.7906 -29.6261 1.72862 -11.2494 -1.26687 3.79644 -16.618 21.6561 -12.05 0.054747 -6.91733 -14.0122 -21.5181 16.7151 5.15825 6.04361 8.61164 -30.1061 16.1348 6.22924 -5.32723 -2.08644 7.43685 -22.312 7.29121 15.7925 -5.33633 -18.8509 -17.4189 -1.37714 11.4817 -6.23139 -11.7765 -16.3536 -6.48051 -7.21288 0.211414 -0.745409 -16.9271 3.61435 
18.2437 -7.05497 14.1611 -0.42578 -12.0452 -5.90095 -8.91719 -13.8094 5.27509 16.7906 -233.172 14.0704 -42.3404 -1.3322 -19.0128 18.9072 26.3228 -2.25861 -3.14154 -37.8939 -25.6619 0.886813 19.2799 9.22312 -42.3913 -4.39853 18.42 14.607 21.6733 -9.91818 -0.521397 -9.32306 -4.58215 34.7134 -18.7891 31.6877 -20.7211 25.8598 24.4054 0.370974 -16.648 18.6493 -1.75679 28.4061 -9.35793 5.17204 20.6258 11.5862 32.569 -1.08952 
71.9859 8.99636 -32.729 0.611123 -11.6022 3.97219 29.9995 2.20983 -13.286 -29.6261 14.0704 235.391 -10.1954 3.56864 1.19886 18.3125 41.048 7.37323 3.39327 -3.76156 -13.4517 28.8111 -12.589 -13.8629 3.28984 14.7317 22.7674 9.3702 -50.6355 -3.7507 13.9341 -14.3578 -27.7579 26.5641 -26.6521 -15.0296 -30.7875 5.89718 1.5362 4.81413 -18.162 -4.77873 6.50055 22.8133 -11.1712 -3.1486 2.30162 -4.10096 10.4572 0.0751736 
28.3316 -3.11885 -3.94979 22.5129 -12.2871 10.3799 11.5972 15.0518 -8.3411 1.72862 -42.3404 -10.1954 217.011 -2.83478 35.7511 -8.57976 -6.88206 5.43634 8.6332 10.1668 26.7366 10.2823 9.01441 -19.1757 -4.12149 3.54588 -12.9919 21.6308 9.21939 -7.08612 -30.2666 0.780671 30.233 4.49447 -5.31022 -7.98892 -9.68893 -6.4013 -23.3441 13.0045 -7.38853 -16.6669 0.995624 15.2309 -2.19952 -7.6779 2.04164 1.86107 7.63441 -5.68792 
47.3137 -9.14338 6.15312 -9.88186 0.845684 -27.9902 37.3896 0.279178 34.3753 -11.2494 -1.3322 3.56864 -2.83478 199.01 -11.4136 -13.7811 21.4555 16.6721 14.4046 -14.5905 -24.3379 32.1056 -4.73659 11.8544 -16.8732 -18.8336 -11.1654 35.6102 2.67869 12.9186 -34.2946 15.5606 26.7858 -14.6468 4.96977 17.9188 -10.9626 -2.73584 -7.4039 17.1722 -17.4842 -1.8163 8.05806 1.95148 -11.3873 -4.25779 5.92821 2.98205 6.61097 12.0131 
26.4856 9.90269 12.5132 17.1624 40.5051 -6.52899 9.61113 4.17508 35.8643 -1.26687 -19.0128 1.19886 35.7511 -11.4136 -200.663 -22.3549 -1.94523 15.7466 -6.41025 -26.6571 -15.6624 17.5807 -13.5886 11.452 -1.0866 18.4494 -4.15531 5.47074 0.962538 -4.29618 -24.7906 14.7976 7.58533 -25.6887 -17.9378 25.5232 -36.6893 3.1458 8.1388 0.338118 5.10741 -5.39382 -5.04713 15.2102 13.8512 -17.9018 7.09273 -7.33779 7.57068 3.56502 
74.5309 5.68092 26.9556 -9.21668 22.6919 -36.7333 -6.28547 -20.9102 12.0881 3.79644 18.9072 18.3125 -8.57976 -13.7811 -22.3549 196.471 31.4306 10.0425 9.50064 -9.86908 -2.27386 6.33024 14.0749 -23.2385 -18.9643 2.11456 -17.5777 -45.4825 35.7947 -22.4977 0.371428 -28.5164 15.0845 -0.692906 -10.2727 3.62992 19.6684 -14.7681 -0.443583 2.85418 -17.8203 -23.3082 -13.0639 -3.24142 -0.162217 17.8825 14.383 9.0094 8.2758 -4.34677 
73.3382 18.2312 -2.9424 11.4037 12.8973 -12.669 7.14227 -4.71642 29.7374 -16.618 26.3228 41.048 -6.88206 21.4555 -1.94523 31.4306 -172.406 -13.2792 -12.3417 6.32317 3.278 -25.6282 -12.1291 31.5673 7.69866 8.82744 15.8516 32.618 16.4568 31.7331 51.9505 10.153 -26.6816 22.5741 6.51385 -7.47098 5.9911 23.1456 6.91756 14.2668 4.98077 0.496502 -3.19111 -1.34563 -11.9699 -8.0489 -11.9976 4.76901 -7.81621 1.25352 
6.85857 -18.1398 4.22365 21.6092 36.8548 -0.144328 -6.2868 24.9418 -12.064 21.6561 -2.25861 7.37323 5.43634 16.6721 15.7466 10.0425 -13.2792 169.225 1.13774 -1.40503 -19.7125 14.9295 -24.7656 -9.27384 17.3519 32.5048 -7.25762 13.8601 46.9628 2.67667 -14.4971 -9.21012 -12.1573 -27.2974 -27.3718 16.1386 22.2096 26.3572 9.39827 33.0833 -22.24 -8.99436 -4.97388 2.71489 10.2009 -5.77713 -0.968191 -9.57213 -4.16529 0.273534 
-20.4512 -4.58083 2.56626 -19.8389 2.34359 -0.43903 -28.0176 2.40253 -14.2518 -12.05 -3.14154 3.39327 8.6332 14.4046 -6.41025 9.50064 -12.3417 1.13774 -188.836 -0.514336 -7.49832 -22.6926 9.37841 4.48192 -14.5453 9.11724 -1.6239 -23.1042 -8.20606 8.45026 26.4253 -24.157 6.73008 -8.01664 3.90792 -20.8511 -2.35526 -39.4887 5.73078 -1.16609 14.6088 4.67449 -18.3515 5.13231 13.3079 -0.845134 9.69795 6.38415 1.82201 -7.2981 
35.832 -3.61155 -5.25107 -29.5847 6.26445 -6.87685 38.3006 10.5178 35.6514 0.054747 -37.8939 -3.76156 10.1668 -14.5905 -26.6571 -9.86908 6.32317 -1.40503 -0.514336 224.271 17.0899 -13.544 19.4129 11.3814 22.6653 -11.9338 -12.6691 7.32143 28.9676 5.85292 11.0875 -3.75726 -21.071 -16.8701 6.76436 -34.6735 17.0659 24.2038 6.58785 0.51884 18.3222 -29.1367 33.4322 -19.5501 -13.413 8.35537 -3.99531 8.79499 -9.44413 7.62525 
-2.81543 -11.8349 -10.7506 6.62604 9.17706 35.0549 48.5334 -6.40398 -18.2021 -6.91733 -25.6619 -13.4517 26.7366 -24.3379 -15.6624 -2.27386 3.278 -19.7125 -7.49832 17.0899 149.956 -3.69874 -13.9773 -13.9704 24.6735 35.2732 7.49545 30.555 -2.35947 -35.851 7.7471 -18.6046 -0.893477 0.176876 -17.674 -21.1015 4.47008 10.7029 10.5031 -3.72833 7.74646 -25.2975 -4.26686 -2.36777 4.60847 0.273403 -5.55986 -1.8366 -1.1617 -4.80329 
43.2544 -11.9266 9.61886 8.42373 17.4126 -5.26663 14.2335 5.22997 19.4922 -14.0122 0.886813 28.8111 10.2823 32.1056 17.5807 6.33024 -25.6282 14.9295 -22.6926 -13.544 -3.69874 -142.63 11.083 1.89961 -19.5067 -9.56079 26.9782 -31.7355 20.6064 20.3228 26.7452 -18.879 8.73104 -7.87246 -21.4965 -17.8747 3.07751 7.82017 16.5125 -10.7341 5.14886 1.82354 -4.85196 9.77775 5.75565 -17.8682 -0.586253 2.23756 19.4171 -5.82722 
34.8922 14.1085 -4.25102 -12.9976 -9.0116 0.985861 14.5176 8.03488 25.5909 -21.5181 19.2799 -12.589 9.01441 -4.73659 -13.5886 14.0749 -12.1291 -24.7656 9.37841 19.4129 -13.9773 11.083 -201.364 31.5919 21.1082 19.87 -5.02777 15.6849 51.2708 -1.73501 -27.2795 -10.2316 -2.6783 -10.8634 -26.0801 24.0367 -23.3467 8.31182 9.62209 1.06474 -2.45266 4.85415 0.268284 0.526862 -7.87048 1.56885 -3.81955 -1.81151 -12.4036 8.65102 
41.9581 24.8438 -35.1438 16.6881 -0.914015 1.78571 5.46078 -31.4085 -19.5857 16.7151 9.22312 -13.8629 -19.1757 11.8544 11.452 -23.2385 31.5673 -9.27384 4.48192 11.3814 -13.9704 1.89961 31.5919 -163.577 6.20902 1.72274 -5.13928 1.99757 -7.56307 -37.5519 -7.91818 -9.10287 13.3668 -18.383 -5.28666 -17.933 17.66 -8.44972 -4.12741 10.5475 0.0923733 -21.1997 18.1325 -5.15077 2.45706 5.82008 -6.36238 1.38609 16.1496 1.54564 
19.7625 -9.59237 25.3823 -2.68676 19.1879 -16.0476 12.359 19.4222 -17.9117 5.15825 -42.3913 3.28984 -4.12149 -16.8732 -1.0866 -18.9643 7.69866 17.3519 -14.5453 22.6653 24.6735 -19.5067 21.1082 6.20902 -169.382 -26.0315 -8.54186 -35.3915 9.27761 -5.4869 -14.71 -15.8726 52.5882 44.0728 -26.8335 10.0703 -6.56512 17.1128 -15.0439 32.9566 -10.3203 -1.00377 -13.1351 9.03083 -12.8721 3.0449 -7.00605 -0.473413 15.2173 5.30523 
16.8682 -10.7288 -14.5409 23.3591 27.2888 -2.30392 14.7865 9.90791 -22.2692 6.04361 -4.39853 14.7317 3.54588 -18.8336 18.4494 2.11456 8.82744 32.5048 9.11724 -11.9338 35.2732 -9.56079 19.87 1.72274 -26.0315 162.243 -3.87274 14.2996 -3.47935 -43.6895 -16.8513 1.56828 10.9348 -19.1894 -30.7558 17.7804 9.26023 -9.35064 10.7847 -10.2817 -7.32126 -8.42317 15.1503 -6.26961 -1.95929 1.30989 3.54608 1.31813 -14.0264 0.482526 
-20.8382 -4.38775 23.4878 -12.5357 -21.1626 -2.65749 -5.81068 4.96886 -3.99827 8.61164 18.42 22.7674 -12.9919 -11.1654 -4.15531 -17.5777 15.8516 -7.25762 -1.6239 -12.6691 7.49545 26.9782 -5.02777 -5.13928 -8.54186 -3.87274 127.739 30.3372 -19.2703 -19.3771 3.10592 -12.1524 -0.557938 -23.7308 -9.2211 12.8796 -24.2501 -21.3926 -3.38738 -8.16937 -0.527156 1.05257 16.3666 -2.7919 13.907 -12.8455 8.03081 -4.41001 -9.85749 0 
-41.6946 19.9141 -7.37806 -10.9705 -20.697 7.77055 -33.0047 15.8519 -12.0108 -30.1061 14.607 9.3702 21.6308 35.6102 5.47074 -45.4825 32.618 13.8601 -23.1042 7.32143 30.555 -31.7355 15.6849 1.99757 -35.3915 14.2996 30.3372 -50.2004 18.3448 12.4252 4.58762 0 4.04664 -22.8317 -20.2325 -16.0337 11.3712 34.3547 -5.4967 -5.77895 1.91562 -20.5814 28.5422 -14.7179 -16.5056 44.3345 47.001 -30.5881 -1.63714 -17.2892 
52.3304 18.3171 -20.8453 -9.99898 -0.128932 -10.2036 -60.9031 -1.98664 -26.6629 16.1348 21.6733 -50.6355 9.21939 2.67869 0.962538 35.7947 16.4568 46.9628 -8.20606 28.9676 -2.35947 20.6064 51.2708 -7.56307 9.27761 -3.47935 -19.2703 18.3448 19.3003 -3.63625 15.6406 19.8171 53.7807 4.41139 -2.39928 1.33525 -40.2715 58.9573 32.6187 5.1381 28.1772 14.3994 48.7679 26.5943 26.7853 -9.55082 -12.3533 -8.79288 35.4648 -37.0433 
-10.0724 18.316 -9.46511 11.9469 25.0913 -0.34778 10.7217 -12.7157 -15.7376 6.22924 -9.91818 -3.7507 -7.08612 12.9186 -4.29618 -22.4977 31.7331 2.67667 8.45026 5.85292 -35.851 20.3228 -1.73501 -37.5519 -5.4869 -43.6895 -19.3771 12.4252 -3.63625 14.5572 -6.79314 29.6781 -3.53215 -7.70443 -39.978 -16.6472 -40.8299 8.44511 -32.2354 -22.5249 -15.5439 -12.6922 -14.1163 -39.73 26.0759 -3.75409 0.228255 -5.78466 -26.1338 -12.482 
-42.7085 -16.2155 37.376 -17.4014 21.3005 -6.82132 -12.8485 -10.9787 4.85155 -5.32723 -0.521397 13.9341 -30.2666 -34.2946 -24.7906 0.371428 51.9505 -14.4971 26.4253 11.0875 7.7471 26.7452 -27.2795 -7.91818 -14.71 -16.8513 3.10592 4.58762 15.6406 -6.79314 -25.6468 7.93684 4.83099 -7.14085 4.1879 -8.70408 -0.763351 -21.2685 -67.4633 -27.6327 6.42667 -4.27153 -12.186 -18.3738 9.71112 9.76922 15.1663 2.91782 23.7256 -9.50517 
20.382 0.120722 -11.84 12.6108 -17.7123 14.4378 -17.9263 3.70959 -9.8402 -2.08644 -9.32306 -14.3578 0.780671 15.5606 14.7976 -28.5164 10.153 -9.21012 -24.157 -3.75726 -18.6046 -18.879 -10.2316 -9.10287 -15.8726 1.56828 -12.1524 0 19.8171 29.6781 7.93684 1.29345 -15.5274 2.94464 11.9139 -0.447556 -14.2404 7.03429 -25.1524 2.79605 19.4018 9.02343 -31.0414 -49.8094 -25.287 26.9066 -9.16652 18.7875 5.22519 -5.23239 
-16.3579 7.49611 4.30139 8.10991 -22.6882 11.6798 -19.0147 -30.2631 -13.7267 7.43685 -4.58215 -27.7579 30.233 26.7858 7.58533 15.0845 -26.6816 -12.1573 6.73008 -21.071 -0.893477 8.73104 -2.6783 13.3668 52.5882 10.9348 -0.557938 4.04664 53.7807 -3.53215 4.83099 -15.5274 9.94718 17.3377 11.3849 27.8404 12.134 -7.14021 -15.2529 34.3996 -0.779528 58.1001 -21.7342 19.2672 -14.5738 -9.41459 2.77478 49.5629 -4.52787 -16.5893 
3.38899 7.3271 4.54603 17.0714 16.8503 5.53535 17.1951 -17.5644 -4.93561 -22.312 34.7134 26.5641 4.49447 -14.6468 -25.6887 -0.692906 22.5741 -27.2974 -8.01664 -16.8701 0.176876 -7.87246 -10.8634 -18.383 44.0728 -19.1894 -23.7308 -22.8317 4.41139 -7.70443 -7.14085 2.94464 17.3377 5.53983 -19.5176 4.72668 3.01803 -21.103 -25.0095 -2.50273 -13.5744 5.59201 -22.2325 -7.37821 -13.5583 -34.5157 24.5667 39.6262 45.3949 -21.774 
-50.1407 -11.8203 28.0635 26.2553 5.05884 2.31974 10.8275 15.3223 4.79419 7.29121 -18.7891 -26.6521 -5.31022 4.96977 -17.9378 -10.2727 6.51385 -27.3718 3.90792 6.76436 -17.674 -21.4965 -26.0801 -5.28666 -26.8335 -30.7558 -9.2211 -20.2325 -2.39928 -39.978 4.1879 11.9139 11.3849 -19.5176 8.35723 -27.7963 -46.8235 23.4487 -30.1532 -27.0207 -4.59246 -26.0343 -19.5508 -17.5714 -0.341357 8.4412 -23.5352 10.876 -7.54757 11.3997 
15.9215 12.921 17.1592 -1.73784 24.0729 13.4828 -19.4171 -17.0661 -6.56121 15.7925 31.6877 -15.0296 -7.98892 17.9188 25.5232 3.62992 -7.47098 16.1386 -20.8511 -34.6735 -21.1015 -17.8747 24.0367 -17.933 10.0703 17.7804 12.8796 -16.0337 1.33525 -16.6472 -8.70408 -0.447556 27.8404 4.72668 -27.7963 2.26144 -5.58326 6.88261 6.34202 16.4825 -4.33139 43.9814 4.31551 -15.0456 -1.0843 3.42816 -20.9817 10.4604 -9.25588 39.1484 
-14.8391 -7.65514 31.4017 -7.41622 -6.01807 -16.8292 -21.1829 12.2578 10.8473 -5.33633 -20.7211 -30.7875 -9.68893 -10.9626 -36.6893 19.6684 5.9911 22.2096 -2.35526 17.0659 4.47008 3.07751 -23.3467 17.66 -6.56512 9.26023 -24.2501 11.3712 -40.2715 -40.8299 -0.763351 -14.2404 12.134 3.01803 -46.8235 -5.58326 -1.72097 -5.80095 -14.9094 -8.64184 13.1202 -0.763842 63.4844 5.23193 6.27654 2.60535 -11.7617 34.6587 34.7353 -43.9458 
4.58941 -15.4936 4.20674 -25.6792 4.95692 19.2978 -22.118 -0.485633 -16.4452 -18.8509 25.8598 5.89718 -6.4013 -2.73584 3.1458 -14.7681 23.1456 26.3572 -39.4887 24.2038 10.7029 7.82017 8.31182 -8.44972 17.1128 -9.35064 -21.3926 34.3547 58.9573 8.44511 -21.2685 7.03429 -7.14021 -21.103 23.4487 6.88261 -5.80095 -4.85161 37.3075 -33.1407 31.4022 -9.62501 -36.3574 -33.6239 -14.1581 3.81104 10.7338 27.7329 16.9069 -27.132 
-9.82217 10.6678 -24.3687 -6.71092 -18.0144 -0.574271 -14.5342 14.5208 -30.5324 -17.4189 24.4054 1.5362 -23.3441 -7.4039 8.1388 -0.443583 6.91756 9.39827 5.73078 6.58785 10.5031 16.5125 9.62209 -4.12741 -15.0439 10.7847 -3.38738 -5.4967 32.6187 -32.2354 -67.4633 -25.1524 -15.2529 -25.0095 -30.1532 6.34202 -14.9094 37.3075 -13.814 -21.6747 0.678083 -12.7357 12.1064 -33.816 -0.338932 -30.7514 11.0264 -26.3101 -6.5877 3.62923 
39.1464 -23.5387 -20.023 -13.6334 -2.30471 -19.4776 -6.02023 -8.88178 4.52152 -1.37714 0.370974 4.81413 13.0045 17.1722 0.338118 2.85418 14.2668 33.0833 -1.16609 0.51884 -3.72833 -10.7341 1.06474 10.5475 32.9566 -10.2817 -8.16937 -5.77895 5.1381 -22.5249 -27.6327 2.79605 34.3996 -2.50273 -27.0207 16.4825 -8.64184 -33.1407 -21.6747 -6.18398 25.7996 24.4602 1.67904 27.3226 -16.4391 8.7056 -1.40575 -21.5801 1.85717 -51.6872 
27.7748 15.4938 -8.66412 -6.82516 -36.4694 0.572695 -5.76357 -4.37119 -25.3007 11.4817 -16.648 -18.162 -7.38853 -17.4842 5.10741 -17.8203 4.98077 -22.24 14.6088 18.3222 7.74646 5.14886 -2.45266 0.0923733 -10.3203 -7.32126 -0.527156 1.91562 28.1772 -15.5439 6.42667 19.4018 -0.779528 -13.5744 -4.59246 -4.33139 13.1202 31.4022 0.678083 25.7996 48.9319 -18.9227 -19.9511 -7.30094 5.26209 3.30123 6.78229 16.5729 14.6038 10.8574 
-62.3762 -2.59505 -10.9858 -4.50199 -1.92383 3.1502 -29.4344 -7.36789 2.52591 -6.23139 18.6493 -4.77873 -16.6669 -1.8163 -5.39382 -23.3082 0.496502 -8.99436 4.67449 -29.1367 -25.2975 1.82354 4.85415 -21.1997 -1.00377 -8.42317 1.05257 -20.5814 14.3994 -12.6922 -4.27153 9.02343 58.1001 5.59201 -26.0343 43.9814 -0.763842 -9.62501 -12.7357 24.4602 -18.9227 -16.2697 -41.4139 -16.2233 -14.7413 10.5894 -36.282 7.46485 -19.9018 -16.9486 
8.49369 13.4521 11.9858 -19.8858 -32.9707 10.0271 -9.28909 8.56113 17.1215 -11.7765 -1.75679 6.50055 0.995624 8.05806 -5.04713 -13.0639 -3.19111 -4.97388 -18.3515 33.4322 -4.26686 -4.85196 0.268284 18.1325 -13.1351 15.1503 16.3666 28.5422 48.7679 -14.1163 -12.186 -31.0414 -21.7342 -22.2325 -19.5508 4.31551 63.4844 -36.3574 12.1064 1.67904 -19.9511 -41.4139 35.6639 -43.74 10.5435 14.5418 29.4992 -29.3981 39.4309 20.2751 
2.2572 3.07095 -19.2873 16.8404 -3.99107 8.20858 20.9001 -3.66279 -5.83198 -16.3536 28.4061 22.8133 15.2309 1.95148 15.2102 -3.24142 -1.34563 2.71489 5.13231 -19.5501 -2.36777 9.77775 0.526862 -5.15077 9.03083 -6.26961 -2.7919 -14.7179 26.5943 -39.73 -18.3738 -49.8094 19.2672 -7.37821 -17.5714 -15.0456 5.23193 -33.6239 -33.816 27.3226 -7.30094 -16.2233 -43.74 49.1616 -29.9336 -5.88941 27.8421 -7.48313 -25.4814 -33.2737 
-14.6912 -3.25223 -27.731 15.8884 0.269998 0.547017 -2.98718 25.5921 -21.5083 -6.48051 -9.35793 -11.1712 -2.19952 -11.3873 13.8512 -0.162217 -11.9699 10.2009 13.3079 -13.413 4.60847 5.75565 -7.87048 2.45706 -12.8721 -1.95929 13.907 -16.5056 26.7853 26.0759 9.71112 -25.287 -14.5738 -13.5583 -0.341357 -1.0843 6.27654 -14.1581 -0.338932 -16.4391 5.26209 -14.7413 10.5435 -29.9336 19.9735 26.1535 -3.45767 12.5732 -66.7186 -13.981 
23.327 -8.17757 -0.0287042 10.9158 -10.4402 -0.685808 4.72385 -4.54983 8.24496 -7.21288 5.17204 -3.1486 -7.6779 -4.25779 -17.9018 17.8825 -8.0489 -5.77713 -0.845134 8.35537 0.273403 -17.8682 1.56885 5.82008 3.0449 1.30989 -12.8455 44.3345 -9.55082 -3.75409 9.76922 26.9066 -9.41459 -34.5157 8.4412 3.42816 2.60535 3.81104 -30.7514 8.7056 3.30123 10.5894 14.5418 -5.88941 26.1535 -32.5844 -36.544 -3.75899 30.6151 -25.7114 
-49.612 -0.96854 -11.3071 -7.47218 -4.41606 12.2756 -32.0325 2.84938 -2.8765 0.211414 20.6258 2.30162 2.04164 5.92821 7.09273 14.383 -11.9976 -0.968191 9.69795 -3.99531 -5.55986 -0.586253 -3.81955 -6.36238 -7.00605 3.54608 8.03081 47.001 -12.3533 0.228255 15.1663 -9.16652 2.77478 24.5667 -23.5352 -20.9817 -11.7617 10.7338 11.0264 -1.40575 6.78229 -36.282 29.4992 27.8421 -3.45767 -36.544 -54.6976 -18.6785 -14.2258 17.5839 
-17.5429 8.67254 -12.7096 11.6774 2.88289 9.99199 1.38765 6.53739 11.209 -0.745409 11.5862 -4.10096 1.86107 2.98205 -7.33779 9.0094 4.76901 -9.57213 6.38415 8.79499 -1.8366 2.23756 -1.81151 1.38609 -0.473413 1.31813 -4.41001 -30.5881 -8.79288 -5.78466 2.91782 18.7875 49.5629 39.6262 10.876 10.4604 34.6587 27.7329 -26.3101 -21.5801 16.5729 7.46485 -29.3981 -7.48313 12.5732 -3.75899 -18.6785 32.2988 25.3436 3.6487 
-30.1066 8.26955 -8.08806 13.2467 -14.597 -0.0771035 2.23565 0.924132 4.53149 -16.9271 32.569 10.4572 7.63441 6.61097 7.57068 8.2758 -7.81621 -4.16529 1.82201 -9.44413 -1.1617 19.4171 -12.4036 16.1496 15.2173 -14.0264 -9.85749 -1.63714 35.4648 -26.1338 23.7256 5.22519 -4.52787 45.3949 -7.54757 -9.25588 34.7353 16.9069 -6.5877 1.85717 14.6038 -19.9018 39.4309 -25.4814 -66.7186 30.6151 -14.2258 25.3436 8.41035 -79.116 
17.1654 -0.00599426 1.11293 13.8948 0.127489 -0.919142 -4.85662 -11.9325 -7.64722 3.61435 -1.08952 0.0751736 -5.68792 12.0131 3.56502 -4.34677 1.25352 0.273534 -7.2981 7.62525 -4.80329 -5.82722 8.65102 1.54564 5.30523 0.482526 0 -17.2892 -37.0433 -12.482 -9.50517 -5.23239 -16.5893 -21.774 11.3997 39.1484 -43.9458 -27.132 3.62923 -51.6872 10.8574 -16.9486 20.2751 -33.2737 -13.981 -25.7114 17.5839 3.6487 -79.116 23.5144 
